25
5 4 5 3 5 3 4 3 3 5 4 5 5 5 5 5 2 5 3 10 2 3 3 2 6
2 7 15 21 25
5 10 15 18
1 4 8 20 21
1 10 18
3 4 8 15 21
10 16 23
8 14 15 16
7 13 20
3 9 25
1 9 10 11 17
5 16 19 22
11 12 16 18 25
7 8 11 15 23
2 8 11 14 25
5 13 21 22 23
2 5 11 17 19
4 15
1 5 14 21 24
3 9 16
3 11 13 16 18 20 21 23 24 25
3 20
10 21 22
3 14 24
21 25
1 2 6 10 15 23
0 -17 -2 2 3 7 -11 -5 13 6 16 -9 -10 -9 -15 19 4 19 -5 11 17 -11 -6 9 20
-4 9 -4 -20 9 -2 14 -10 -16 8 2 17 -1 20 7 -4 9 -1 -8 4 10 -14 -5 4
16 2 16 -2 -2 -19 5 -3 -20 16 -17 18 11 -2 -6 18 2 -6 20 -8 19 -4 -12
20 -14 20 -18 -1 8 -18 17 3 -12 -15 -2 0 6 -9 -8 -12 14 3 13 12 -3
-10 -4 10 -2 1 -13 9 -16 -11 -6 5 15 3 -15 5 -20 -4 14 -13 9 3
-4 17 4 20 3 -14 -6 10 -19 19 15 0 19 -6 -16 20 9 -1 6 -13
-12 -18 -18 -1 11 -13 -14 -5 14 -12 4 9 3 14 6 17 -11 6 -14
11 19 6 -3 -18 3 -7 8 8 -5 3 -14 3 14 2 -17 5 -3
-8 -13 9 -15 -7 20 18 -19 -17 1 -5 -12 16 -7 -16 15 -7
17 -7 -6 1 -11 18 -20 -3 -11 -12 14 -4 -9 -13 -19 -12
-20 2 -5 17 0 -19 -9 -4 -17 -12 6 13 -13 -16 10
8 3 12 17 -14 8 12 -6 19 -18 13 -1 9 -19
-17 10 5 7 -14 11 8 -16 -15 0 18 -11 -16
-12 -3 19 20 17 15 0 4 18 13 -2 9
12 18 7 -14 -13 15 -7 7 8 -6 6
1 9 5 6 -14 0 7 0 -4 3
-11 10 -16 -15 -15 -15 7 -14 3
-12 15 -17 17 15 15 1 -13
6 2 7 -17 -2 18 -1
2 -14 16 12 -7 -11
10 -6 -14 2 15
3 -13 -3 16
-6 7 15
19 19
15
