100
32 39 31 39 41 33 29 30 31 30 42 28 48 36 37 37 38 38 39 34 34 30 33 38 33 34 39 30 33 29 26 37 30 41 30 43 31 41 41 34 40 44 40 35 35 36 28 37 36 36 38 40 29 36 33 35 46 26 41 32 44 33 34 37 42 39 40 35 32 34 22 36 38 37 30 31 31 44 37 25 37 35 31 37 41 31 36 40 33 29 37 30 42 34 32 40 41 36 32 38
1 2 8 9 11 14 15 21 28 35 36 46 50 51 53 54 55 60 61 62 64 66 70 72 77 78 80 84 86 89 94 100
2 4 8 9 11 13 17 24 26 28 29 33 36 38 42 43 46 47 53 55 56 59 63 66 67 74 75 77 84 85 86 87 88 91 92 95 96 97 100
1 5 9 10 16 22 23 24 26 27 29 30 35 41 42 43 44 54 59 65 66 67 69 70 71 80 82 83 84 87 99
2 5 10 11 15 17 19 20 21 22 23 27 28 30 31 33 36 40 41 42 44 52 54 60 62 65 69 70 71 72 73 74 80 85 86 88 92 98 100
1 7 8 12 17 20 21 22 23 26 27 28 29 30 31 32 33 37 38 39 41 42 43 45 46 53 54 57 58 59 63 65 68 72 73 75 83 87 88 91 97
1 3 9 11 13 17 23 24 25 27 30 31 34 36 41 42 53 55 59 60 62 64 65 66 72 76 81 85 87 88 95 97 100
1 2 3 6 7 11 14 21 24 26 27 29 32 35 41 44 51 56 60 63 64 66 69 76 83 86 91 93 98
4 14 15 19 21 22 23 24 26 27 28 29 30 41 45 46 48 54 55 72 75 76 80 81 83 86 87 94 95 96
1 4 5 7 8 11 14 15 18 19 21 22 29 39 47 48 55 66 67 71 72 75 76 78 82 83 85 87 88 92 94
3 4 14 20 21 22 23 24 25 30 31 34 35 37 43 46 49 51 62 65 72 73 77 80 82 84 87 94 95 100
2 4 6 8 12 13 14 21 23 26 27 28 29 31 32 33 35 37 43 45 46 52 54 55 56 60 63 64 65 66 68 70 73 74 75 77 87 90 92 95 96 100
2 4 8 10 12 21 24 35 37 38 41 44 51 55 57 58 60 62 71 76 82 84 86 87 88 96 99 100
1 6 7 8 9 10 12 13 14 15 17 19 21 33 35 36 37 40 43 44 45 48 53 54 59 61 63 65 66 67 69 70 73 75 76 77 78 81 85 88 89 90 92 93 96 97 98 99
2 4 5 7 10 14 15 17 19 20 23 26 28 30 31 34 36 40 41 42 44 46 50 54 59 60 63 66 72 78 80 90 95 96 97 100
3 4 5 7 9 10 11 14 15 20 21 22 24 30 32 37 40 41 44 46 55 58 59 63 64 65 66 69 71 73 77 78 81 84 88 92 99
1 2 3 11 14 15 16 17 24 25 26 32 33 34 36 37 43 46 51 52 54 55 60 64 69 70 71 72 75 77 83 86 91 92 95 97 100
1 3 8 11 14 18 21 23 24 25 28 29 33 34 37 38 40 41 43 46 50 54 56 60 61 63 65 69 71 74 76 77 84 85 87 89 90 92
1 2 3 10 13 14 17 18 20 21 22 24 26 28 33 35 37 38 40 46 47 51 56 58 60 61 62 66 70 73 77 80 82 83 87 94 95 100
3 5 8 9 10 11 12 14 16 17 26 29 30 33 36 45 46 47 51 52 55 60 62 65 66 72 73 74 79 85 87 88 89 90 91 92 94 95 100
1 4 6 10 11 12 15 18 21 28 31 35 38 43 45 47 49 54 57 62 64 68 69 73 74 75 78 82 84 85 87 93 95 100
1 11 17 19 20 22 28 30 31 35 37 42 46 48 59 60 61 63 69 70 71 78 79 81 84 85 86 87 88 91 93 94 98 99
1 2 3 5 8 9 16 33 36 41 45 46 47 50 51 52 54 57 60 63 68 69 73 74 77 79 88 91 93 99
1 10 13 17 18 19 20 29 35 39 40 47 50 52 54 55 56 57 60 62 63 64 65 69 70 71 75 76 77 78 86 87 99
5 8 13 16 18 21 25 27 28 29 30 32 33 35 36 38 40 41 44 55 58 59 60 65 66 69 73 76 78 82 84 85 86 87 90 91 92 99
2 4 5 6 10 21 24 32 35 36 43 48 49 52 53 54 55 56 62 66 70 71 76 77 78 79 84 85 86 91 92 94 99
1 5 10 12 13 15 16 20 22 23 33 38 44 46 48 49 53 55 57 60 64 71 75 77 80 82 83 85 86 89 91 93 99 100
1 4 8 10 13 14 15 17 21 22 25 26 27 30 32 36 39 41 45 46 47 50 57 58 66 68 71 73 75 76 78 80 85 86 87 88 94 95 98
4 6 11 13 28 29 31 36 38 42 46 50 52 56 58 60 61 62 66 69 74 77 78 80 82 84 85 91 95 100
2 4 7 8 10 12 20 22 23 26 27 32 36 37 38 40 41 44 48 56 62 67 70 73 75 84 88 89 90 93 94 97 100
9 13 19 23 24 26 29 30 32 35 36 40 42 45 50 62 74 75 76 78 79 82 85 86 87 92 93 95 99
1 3 5 7 8 16 19 22 23 24 26 28 30 32 34 39 40 44 46 51 62 69 71 91 96 97
4 7 9 10 12 14 15 21 24 25 26 28 32 33 38 40 42 43 44 45 56 59 61 65 66 71 73 76 81 82 87 90 94 95 97 98 100
9 13 20 22 25 30 32 40 45 47 49 52 53 59 64 66 68 74 76 77 80 83 86 89 90 91 94 95 96 98
3 4 5 10 13 16 17 18 21 22 28 29 30 33 36 37 38 39 41 44 46 50 54 57 58 63 64 66 72 73 74 79 82 83 87 88 91 92 98 99 100
3 5 6 7 8 10 12 14 23 26 32 41 43 46 53 55 58 60 63 65 67 75 76 77 79 85 90 95 97 99
1 4 5 7 10 13 17 18 26 27 28 29 32 35 36 37 41 44 49 50 52 53 54 55 56 65 66 69 73 75 76 77 80 81 84 87 91 93 95 96 98 99 100
1 8 11 12 17 20 22 25 28 30 33 35 36 38 40 42 44 49 56 57 62 64 67 69 70 73 77 81 83 90 97
4 6 9 10 11 12 14 16 22 25 26 28 31 32 34 35 37 40 42 44 47 55 57 64 65 68 69 71 72 73 74 80 82 84 87 92 93 95 98 99 100
2 3 8 9 10 11 13 14 15 17 18 21 23 26 27 28 30 32 35 40 42 44 51 59 60 62 63 65 66 68 74 76 77 78 79 82 85 87 90 94 95
4 5 8 11 13 15 22 26 27 41 43 45 48 49 52 53 55 56 59 60 70 74 75 78 79 80 85 87 88 89 92 94 95 99
1 2 3 4 8 13 14 25 26 29 30 31 32 33 36 37 40 41 46 47 52 54 55 56 61 63 65 67 68 69 70 74 76 78 79 82 85 86 95 99
1 2 4 13 18 19 20 28 29 30 32 35 37 40 41 44 45 46 51 58 59 62 65 67 71 74 78 79 80 81 82 83 84 85 87 88 89 90 91 94 95 98 99 100
3 6 8 9 10 11 14 22 23 28 31 32 37 41 42 45 47 48 50 53 54 59 60 66 67 70 71 73 75 77 79 83 84 87 88 90 96 97 98 99
1 4 8 11 14 18 21 22 24 27 28 33 34 35 41 45 46 55 58 59 62 64 66 67 73 75 77 78 81 84 91 92 95 99 100
8 9 10 11 12 18 23 25 26 27 30 31 36 39 40 48 52 55 57 60 61 62 63 65 68 74 85 88 91 92 94 95 97 98 99
4 5 6 10 11 12 13 17 18 21 22 24 26 29 30 32 34 37 40 41 57 59 63 65 69 73 75 79 80 85 86 95 96 98 99 100
1 9 10 21 26 32 36 46 52 53 54 57 60 62 64 65 72 73 74 75 82 86 89 92 93 96 97 99
2 6 14 17 20 24 26 30 31 35 42 44 47 49 52 53 54 56 58 59 61 62 63 64 66 68 71 74 79 80 81 83 87 88 90 92 93
1 3 6 8 10 13 18 20 21 24 27 28 31 35 38 39 41 43 44 46 51 52 56 58 61 66 69 74 75 80 81 86 88 95 97 99
1 4 5 12 13 17 19 22 24 27 28 34 41 44 50 51 55 57 61 62 63 64 67 68 69 70 71 72 74 81 84 87 91 92 93 100
2 6 8 14 15 17 18 21 25 28 30 32 40 41 42 43 44 51 53 60 61 62 63 65 66 69 70 72 79 80 83 87 91 92 94 95 97 100
1 5 6 8 12 14 15 18 22 28 34 41 43 45 49 55 59 60 61 63 65 66 68 69 70 72 74 75 80 84 86 87 88 90 91 93 95 97 99 100
3 10 21 24 26 29 31 32 33 34 36 40 41 42 44 45 55 56 69 70 72 73 77 80 82 83 88 94 98
1 11 13 17 19 22 23 26 30 32 33 36 39 40 43 46 47 54 55 59 60 63 65 67 69 70 72 79 80 86 87 88 92 94 96 97
5 6 8 12 14 17 21 24 28 30 32 34 35 40 41 44 46 49 51 52 60 62 63 64 66 72 80 83 84 85 90 92 93
2 6 7 10 11 12 13 16 20 23 24 27 28 33 35 36 37 39 52 57 59 62 64 65 66 69 74 77 78 83 84 87 92 96 97
6 8 13 15 16 17 20 21 24 25 26 27 29 30 32 35 36 37 40 41 46 51 52 53 54 55 57 59 68 71 72 73 74 77 78 80 81 82 85 86 88 91 95 97 99 100
1 3 5 9 10 13 14 17 20 34 40 41 44 57 63 65 68 70 73 82 84 85 86 91 92 98
2 3 4 5 8 9 11 14 17 18 26 32 33 35 37 44 48 54 56 59 60 63 64 65 66 67 71 73 75 76 77 80 82 84 85 87 91 92 95 97 98
1 4 5 11 13 14 17 28 29 40 46 47 48 52 55 58 59 61 63 64 67 68 69 70 71 76 82 84 87 88 90 94
1 5 8 9 12 13 15 16 18 19 21 22 26 31 32 33 38 44 45 46 47 50 51 54 58 59 61 63 66 67 71 72 73 74 77 78 79 81 86 87 88 89 94 95
3 4 8 10 13 14 15 16 18 23 24 25 29 35 39 40 44 46 53 59 61 63 72 73 74 75 76 77 81 86 89 91 94
4 9 11 15 20 26 36 38 39 40 41 42 45 46 52 54 57 59 60 62 63 64 68 69 73 74 77 78 81 83 86 92 97 99
1 2 4 7 8 10 11 14 17 19 21 23 25 27 29 33 35 37 38 44 45 46 55 62 65 68 69 70 75 77 78 86 89 96 97 99 100
6 8 9 12 13 15 17 18 21 22 23 26 30 32 33 37 42 43 44 46 51 53 55 58 60 62 63 65 66 70 71 74 75 77 78 80 83 86 87 92 95 99
4 5 6 8 10 11 13 14 16 17 18 28 30 31 34 35 36 37 44 46 51 58 60 62 64 66 70 71 72 73 74 77 78 83 84 89 91 92 96
3 7 10 11 13 14 15 17 22 26 28 32 33 35 36 37 38 45 46 47 50 52 55 57 58 63 72 73 74 76 79 86 87 90 91 92 93 95 96 97
1 3 4 5 7 9 10 13 18 21 26 29 32 34 35 39 42 47 52 53 55 60 65 68 73 75 78 82 83 84 87 88 93 95 100
1 2 4 7 22 27 28 32 33 41 42 44 48 57 62 64 65 66 68 69 70 72 78 81 83 84 85 86 87 93 99 100
9 13 14 16 21 22 25 26 27 30 32 40 43 44 46 49 54 55 59 63 65 66 67 77 82 84 85 86 88 89 91 92 93 95
6 8 13 23 24 26 28 29 30 32 33 36 41 42 58 61 62 71 76 92 98 100
2 4 11 12 20 21 28 29 32 34 37 38 39 41 44 45 46 48 49 51 52 55 61 67 68 69 70 77 80 82 84 87 88 94 97 98
1 4 9 11 13 14 17 18 21 23 24 28 29 32 45 46 47 50 54 55 56 57 58 59 60 63 69 75 76 77 80 83 84 85 87 93 97 100
1 3 4 5 7 8 10 17 18 20 21 22 28 30 32 33 36 41 44 46 50 54 59 60 63 66 67 68 70 71 82 84 85 89 90 91 97
3 9 10 12 13 14 17 21 22 24 29 30 31 33 39 49 57 60 62 69 71 73 74 77 78 80 86 95 97 100
1 17 27 28 31 34 35 38 41 43 45 49 50 53 54 58 59 60 62 64 67 69 77 81 82 85 86 90 94 95 97
1 7 8 10 13 16 21 23 26 30 32 36 40 44 48 55 59 60 62 65 66 67 71 77 79 88 93 94 95 96 100
7 9 11 14 15 18 20 24 25 31 32 33 34 35 36 43 45 47 50 52 53 54 55 60 62 67 69 72 73 74 75 76 78 81 83 85 86 89 92 94 96 97 99 100
1 2 3 8 11 14 16 19 22 23 24 27 29 30 31 32 34 36 39 45 47 50 51 54 63 64 66 67 79 80 84 87 89 90 94 99 100
1 2 4 5 8 11 14 15 17 22 26 28 29 31 36 48 49 62 69 72 88 92 93 97 99
1 6 8 15 20 21 23 31 32 35 36 37 38 39 40 43 45 48 52 53 54 57 58 59 65 68 71 73 77 78 86 87 88 89 91 97 98
1 2 8 10 13 16 20 28 29 30 32 35 38 39 41 44 46 48 52 56 65 66 67 70 74 77 86 89 90 91 93 95 96 97 99
2 4 5 7 9 18 29 31 32 49 50 52 54 56 57 59 64 65 68 72 73 75 80 81 83 86 87 91 92 95 98
4 8 11 17 18 21 22 25 26 28 31 33 34 35 36 40 41 43 44 46 47 63 66 69 70 71 75 76 79 82 84 85 86 87 92 96 97
2 3 4 5 10 16 18 20 23 25 29 32 36 38 41 47 49 51 59 60 63 64 66 68 70 71 72 73 77 78 79 80 81 84 86 89 90 92 94 97 100
10 12 13 17 19 21 24 33 35 36 37 40 41 44 51 55 61 62 63 72 74 75 83 84 85 89 92 94 96 97 99
2 3 4 7 10 13 15 19 22 28 31 33 35 38 40 41 43 47 53 60 62 64 68 70 71 72 73 74 80 81 83 85 86 92 93 95
5 7 8 9 10 11 13 14 16 23 24 28 30 31 34 36 38 40 41 47 52 54 56 57 59 60 61 63 65 70 71 72 73 82 86 88 96 97 98 99
2 3 6 8 13 14 15 23 27 36 39 43 46 48 52 55 56 58 60 66 73 74 76 77 81 84 86 87 92 93 95 99 100
2 8 13 16 17 21 23 28 32 34 35 48 54 57 58 59 65 68 69 70 73 76 79 82 84 87 91 95 96
1 7 10 11 22 23 25 26 28 33 35 36 37 39 40 47 50 54 58 64 65 66 67 70 73 74 76 78 83 84 87 88 93 94 97 98 100
1 7 8 12 14 17 21 26 27 32 35 37 40 42 54 56 59 61 62 74 75 85 86 88 90 91 95 96 99 100
10 11 14 15 17 18 20 23 28 29 30 31 41 46 47 51 55 56 61 62 65 66 67 69 70 71 72 73 76 78 81 83 85 86 87 89 91 92 94 95 97 98
1 4 8 13 16 18 19 23 24 26 32 35 36 37 40 42 44 49 50 52 59 62 67 68 70 74 75 82 85 86 93 95 96 97
2 13 14 17 24 28 29 31 33 36 40 43 46 51 59 62 63 65 66 70 74 76 77 81 86 91 92 93 95 97 99 100
1 8 10 11 14 20 21 23 29 30 33 34 37 41 44 46 47 53 54 57 58 66 68 69 71 72 75 77 78 79 82 84 86 89 90 91 93 94 95 99
2 6 9 10 11 13 15 16 18 19 23 24 28 29 30 31 32 33 35 40 41 44 45 55 57 59 60 62 65 66 69 73 76 77 82 84 87 92 94 95 99
8 11 13 19 20 24 26 27 29 36 37 38 42 44 50 51 54 55 63 64 66 67 70 71 73 76 77 78 81 84 85 86 92 93 99 100
1 5 7 9 11 13 16 18 19 21 24 36 43 44 45 47 49 53 60 65 70 71 73 76 79 80 82 85 86 91 92 96
4 9 10 16 21 22 23 27 28 32 33 36 37 41 42 44 46 47 54 61 62 68 70 73 75 78 82 83 84 85 86 90 93 95 97 98 99 100
19 10 8 6 15 15 16 -8 6 -9 13 17 5 20 16 4 -4 3 -4 7 3 3 -5 0 14 2 -16 -12 0 -5 14 17 -12 -14 12 10 14 0 -14 18 -6 2 15 -6 9 -3 16 -17 9 19 8 11 17 7 -16 -10 -19 15 8 15 -17 2 10 -11 -16 2 -16 -3 16 -4 -19 18 11 7 -12 5 -7 8 -1 14 -1 1 -6 16 12 6 -11 14 17 0 -20 19 -17 2 17 -13 -16 19 -16 13
6 -10 -8 -5 18 -9 -9 -19 11 -13 1 -15 -14 5 16 4 6 4 10 -12 1 -9 -14 -1 2 -9 7 -4 11 -15 -9 -4 5 -8 -6 2 20 -15 1 8 -14 13 -4 -19 18 -17 15 -17 3 -14 -10 -20 13 -20 -20 0 4 -1 -19 16 16 3 -16 -9 -8 20 19 11 -9 14 -7 2 -14 -11 18 3 16 -9 8 -9 12 -11 8 -19 19 -18 14 -13 -1 -2 -14 2 -9 17 13 -10 -14 11 -8
18 -11 19 1 9 15 4 8 -13 15 -16 1 -5 3 -11 -5 11 -8 5 -18 2 -17 10 17 -14 13 -15 0 13 16 16 14 13 5 14 -8 -2 0 -12 8 -8 -2 20 7 5 7 4 -15 11 -19 11 -14 0 15 10 19 4 -1 11 -2 -17 13 -18 -8 -15 -1 17 16 14 -9 0 -17 14 -19 -17 -1 4 -8 2 14 -17 7 12 13 -9 12 3 -18 -7 -14 9 -9 -6 0 -16 -7 11 -7
16 20 19 -20 -18 4 -7 -13 -2 -20 -5 1 -9 4 -6 3 5 -18 -11 -11 18 -5 19 -4 7 16 20 -1 -7 -3 6 -20 6 6 4 -3 -8 11 -4 18 -20 20 5 -18 8 -12 -6 -16 20 -13 -13 -10 11 -16 -9 14 0 -10 -4 5 -2 14 -2 -2 16 -4 -14 -13 5 -8 -15 15 11 -8 -12 13 -18 10 10 -14 -13 -6 -18 4 -9 -15 -16 -5 7 19 3 8 -11 8 18 -18 12
-8 -7 0 -18 16 -20 -11 1 -4 -9 2 9 -8 -17 5 4 -11 -2 12 -16 -6 -9 20 -8 1 8 -19 8 -16 -5 18 13 -2 15 -10 -11 15 0 -17 -13 -16 6 13 14 -19 19 -10 0 3 -18 -11 -14 -6 -20 4 -20 16 -17 4 16 -13 -6 20 -18 16 14 -16 -19 10 16 4 -2 19 4 8 -5 11 19 -4 2 20 9 10 -11 9 14 3 -6 -11 -2 20 -9 4 -4 -10 3
-19 7 -1 -11 -18 9 6 14 -6 5 -12 20 2 -7 5 6 6 9 8 8 4 9 3 1 0 5 -12 13 -7 -5 -7 -8 16 -8 19 3 9 15 6 3 -1 -7 5 -11 10 -14 14 8 -1 19 6 -17 -8 -7 1 15 -10 4 13 7 -9 8 -19 -7 4 16 -9 -3 16 -11 5 16 -8 -11 6 0 9 -5 -12 11 0 19 19 13 20 -18 -14 -16 -15 -19 -20 -17 1 -15 0
2 -8 -11 -7 -1 -16 3 19 0 17 8 10 1 -9 -2 -1 -14 15 -10 -11 -10 6 -13 14 19 6 -10 15 15 20 10 -3 -5 -13 -11 8 -14 -18 -12 4 10 4 10 -10 -19 17 3 8 17 16 -9 8 -19 11 16 2 1 -15 3 -16 -9 -12 19 -1 5 -11 -13 -8 20 0 -2 -15 2 18 11 -19 19 17 6 -10 3 -4 -8 12 -3 13 -19 11 0 -10 -17 -5 -1 -4
8 7 1 -18 -3 9 -15 1 15 -18 -12 19 -20 16 -19 -1 4 -8 10 4 4 -18 -3 4 1 3 12 7 6 1 -12 2 -4 15 -8 11 -2 -3 -15 8 -15 0 12 -13 -19 -12 -14 -5 -16 -9 3 -16 -11 16 -5 -15 -16 -20 -20 1 19 -16 -11 17 20 9 20 1 -14 19 -13 -17 -12 -8 -15 -9 -15 -15 -20 7 -6 -7 -17 -15 4 0 20 13 -8 10 -8 11 18
-9 10 -2 17 -17 8 -9 12 -20 -15 -9 -8 -4 -11 14 16 -8 -13 -16 -8 -9 0 -6 -10 5 20 17 -2 18 6 12 20 -2 -7 7 -4 2 -5 13 -20 -4 -2 -10 -16 -17 -16 11 2 -17 19 7 -15 8 -20 -15 0 17 3 18 -16 16 -4 0 8 2 10 3 11 -1 11 0 14 -8 -6 17 -10 -18 2 6 9 9 0 5 9 9 8 -11 -11 4 6 -19 -12
0 4 20 -11 5 3 -20 7 -9 -11 17 -9 -7 -14 -19 5 10 -11 -3 1 -8 -19 11 5 -10 -1 15 -3 -6 -8 11 18 11 7 7 -10 11 -17 2 -14 -16 0 10 18 -2 -11 -5 13 11 -7 6 11 -20 -1 20 -10 1 20 -1 19 7 19 -13 18 -12 13 -2 1 3 -12 3 16 10 -16 -19 8 3 6 -5 -7 0 -6 0 20 10 -3 15 1 16 1 -8
-12 0 20 16 -6 17 19 -5 -5 11 16 10 -19 0 12 -14 4 -11 19 0 -15 13 11 9 18 -3 -16 8 4 -8 -3 -11 3 -17 10 -5 -6 20 -20 0 2 19 10 15 -11 -3 0 11 0 18 14 -8 -8 18 18 -13 -2 -17 -8 13 12 -2 -5 4 7 -20 -1 -4 -7 -11 -2 -19 -19 6 -15 3 9 -11 8 20 4 15 -10 18 8 0 -14 -3 9 -3
-8 18 9 -2 -10 17 -12 0 -19 -13 -17 0 15 10 3 -11 0 4 15 -19 20 7 0 5 -9 0 19 -18 -2 0 16 16 -18 12 -17 -12 11 -16 -16 -12 -11 -14 13 -10 -5 -15 3 2 1 -15 6 1 -16 11 5 14 -17 13 6 5 -11 15 -15 -7 8 -10 -13 -4 -6 -5 -17 15 -19 -17 -6 10 -18 -18 -6 -6 -11 -12 12 0 0 4 20 5 -19
12 -2 11 -19 6 15 -16 -18 -8 17 -18 -7 -6 17 11 -20 2 -15 17 3 12 -10 5 -7 -11 14 -20 20 19 -2 -3 15 3 12 4 -10 -8 18 -4 1 -8 0 -4 5 -13 -2 8 -19 8 18 12 5 -7 -9 -13 -18 4 -14 -7 -8 16 -1 -7 17 -1 3 9 -17 20 -6 16 -4 -7 12 -19 -1 -20 -7 -9 1 -7 11 4 0 9 5 18 -10
11 10 15 18 -2 -5 -16 19 -14 -20 -19 19 -17 -20 -3 -20 -1 8 4 16 -10 -14 -17 3 -7 -8 7 3 -16 -3 6 -19 -1 -18 -13 -1 -11 -4 9 -7 -13 20 -19 10 -9 -20 -13 -15 -5 9 17 15 -3 -3 -19 16 10 -16 -11 -7 -16 5 4 -19 -18 11 7 9 6 -9 -20 16 -18 -16 -3 -2 10 -8 -3 -19 -3 -8 -5 8 -20 -18 16
7 15 11 -6 -17 -2 3 -15 18 3 9 10 14 -10 3 3 15 14 -11 0 20 2 6 -9 17 5 3 9 2 -2 -11 11 14 6 3 7 -15 18 -4 -12 1 2 9 8 14 -10 -18 1 12 20 -11 18 1 14 20 -10 16 -12 -7 5 -15 6 -13 12 14 -18 13 -14 16 -20 -4 15 -10 -6 1 11 -13 0 3 15 5 13 5 -6 16 2
6 -14 -6 20 9 -11 -8 -20 12 -14 11 -11 -16 -1 -5 5 -1 -7 14 20 -14 -8 -19 -19 -19 -2 -13 -7 -9 -16 -16 -4 8 -13 7 2 5 -20 18 -1 1 4 3 -7 -1 7 19 17 10 20 19 17 -18 11 -18 11 0 2 -19 -4 10 4 14 -14 7 17 19 2 11 -19 4 -18 11 -15 10 -4 14 -15 -15 -5 20 -14 9 4 1
-5 18 10 -18 0 -1 15 8 -7 19 6 -14 -20 -12 17 -19 12 8 -16 12 -9 9 -3 16 4 14 -17 -4 17 -13 13 11 -9 8 -2 -10 -18 -2 18 1 7 -13 -11 -16 -8 10 11 -5 -20 4 -9 4 -18 -1 -9 -6 1 17 11 -6 8 -13 -14 -10 -12 -12 18 16 -19 8 11 3 7 -19 13 3 20 14 -14 6 10 -18 -3 7
15 7 -16 -16 -15 -4 2 10 5 12 -5 -12 -13 -19 -10 -15 16 -9 -8 8 14 3 15 -4 10 -16 -9 17 6 -13 15 -18 -6 -8 -11 -1 -12 5 -20 3 -17 12 -20 -13 13 -3 17 13 -20 -1 -12 0 -5 10 -7 -8 10 10 10 -7 -14 -9 4 15 20 20 14 -16 -11 -12 12 -11 -16 10 12 -16 16 -10 -5 20 6 20 3
-6 -4 6 -17 7 -18 0 5 -19 -8 3 5 8 18 -6 -12 10 19 12 6 20 -10 -5 18 13 -2 11 -16 7 18 -19 6 -16 15 -15 -11 -18 3 -3 5 -3 9 1 -1 14 18 0 -1 10 12 11 4 17 15 18 18 16 -12 10 1 -15 11 1 14 13 19 20 -16 -4 20 -3 -3 -2 18 12 -6 0 0 -5 16 -8 2
-1 -8 1 13 6 -3 -4 18 7 -8 19 -12 -2 -8 3 14 15 0 -7 9 17 13 -9 -13 -2 20 -5 -7 18 20 1 -9 11 3 -5 5 10 -3 16 9 14 1 -11 -4 18 -16 -4 -13 4 15 5 -20 -16 -8 -4 11 9 15 17 -3 12 16 6 -8 -3 -17 7 20 11 18 -14 10 7 4 0 -13 -12 -9 -13 3 -17
-18 -16 -3 -14 15 14 -3 -12 -14 7 -7 -18 16 -17 -20 -13 1 19 -3 -2 7 -5 -6 -6 19 18 16 -3 15 2 -5 -11 -19 15 17 0 -6 -10 4 -7 14 19 -19 -10 -15 16 19 -3 11 -13 -14 -5 6 -6 -5 9 19 -10 -9 -6 -3 -14 -20 -5 -1 7 17 18 4 8 -7 -6 -14 -15 6 8 8 -11 4 19
4 -19 14 -3 -7 11 7 13 1 0 -19 11 12 19 4 8 18 -7 3 -11 -16 18 4 -10 5 -7 -7 0 2 5 -3 -5 -2 -6 4 18 10 -19 16 -5 -16 8 -19 4 16 2 3 4 -19 11 7 8 7 -15 7 -4 2 -6 -3 3 -4 10 -10 -10 -6 17 13 18 13 -8 -18 4 3 -17 -6 -15 -10 -15 19
15 -17 -4 -15 13 -4 8 -11 -2 -11 7 -3 -9 -6 6 -1 -10 13 -16 -6 -15 19 -17 16 -9 -2 15 10 7 -10 -5 -19 -8 18 -16 -16 -14 -3 -9 14 -13 9 15 3 -9 -11 14 -9 -5 -20 0 -10 -3 12 -19 12 12 -17 5 -12 -10 -17 10 -11 -12 -5 18 3 16 -3 9 -5 9 -9 -13 -5 -10 20
18 -18 -16 4 -12 -20 -2 9 13 11 5 15 14 5 13 9 13 2 18 16 5 -4 13 6 -10 12 11 -12 -18 -7 -16 18 3 -1 -13 18 6 4 4 -1 3 -19 0 11 -8 -19 -7 7 20 -11 8 17 -12 -1 5 -5 -11 -19 -6 8 -4 11 5 9 9 3 -7 9 -12 6 -17 -5 -11 20 -14 -2 3
-17 2 9 4 7 -16 18 -2 2 12 15 10 -18 10 -16 2 1 -8 -1 12 -10 -20 -14 -11 15 -3 -17 -19 12 -7 20 13 3 -19 8 5 1 19 9 2 19 0 -2 3 -17 13 17 -13 8 11 7 12 -18 15 16 12 -16 -11 4 1 8 20 -3 -11 -11 -8 -15 19 4 -3 5 -6 -18 -18 -1 -20
-12 -8 6 16 -8 6 -11 7 15 16 -4 -7 -20 -16 -10 -18 -4 10 -16 -6 9 -10 11 -13 -15 9 1 19 3 10 -4 16 15 15 1 20 0 13 -11 17 13 -3 18 -5 -6 -19 7 10 -3 1 12 -1 11 5 -17 17 -1 -4 -14 -11 15 -6 -6 -5 9 -11 -14 14 12 3 6 5 6 16 1
-1 -15 -5 -10 19 10 -16 0 -17 7 5 7 -11 6 10 -19 1 3 -13 -1 -5 11 11 5 17 -7 5 7 -5 -2 -5 19 -10 1 -10 18 0 17 4 -15 -14 -15 -15 -20 -11 14 7 11 -15 -11 -17 -20 10 -9 -18 -12 -2 3 2 16 -15 -18 -10 -1 1 -14 -18 17 -15 -18 19 -20 -8 -10
5 11 -14 -3 17 -2 19 13 -16 19 -2 -12 -16 9 18 -4 -10 12 -14 11 18 -6 -2 -18 5 1 -10 10 8 2 12 -1 -2 5 6 -5 -1 0 -7 -5 9 -11 -11 -18 -15 -17 17 -13 -11 -14 8 -12 -11 -16 -2 1 0 17 -5 10 7 6 -13 15 17 -1 -7 10 -18 3 -10 5 -8
2 -16 -17 -18 -4 4 -9 11 9 5 0 8 -12 0 7 0 16 -9 -20 -10 -4 6 -15 11 1 -11 -18 -12 -5 12 18 11 -3 -8 -9 6 -18 -20 20 3 1 19 3 1 -20 -14 10 12 -8 -7 -11 1 12 -3 13 5 13 17 19 19 -8 7 -18 9 17 15 -2 14 9 -18 -2 1
-19 6 17 20 -16 10 6 9 18 16 -6 0 17 -6 8 -4 -1 -18 -6 17 -4 5 -4 -20 13 -6 -18 -6 8 -5 5 -20 7 -17 -16 -3 14 14 6 -19 12 20 -1 18 -17 11 17 -7 14 15 -2 -13 -5 4 15 1 -9 14 -8 -20 7 -15 1 -5 10 -19 -14 -12 -4 -10 -2
-4 6 -10 7 -7 -10 3 -14 -2 -1 14 15 20 -16 -16 -11 -13 -20 -5 -16 -3 -9 -13 8 1 -13 12 14 9 12 -13 10 19 -3 -15 2 -15 2 -9 4 -8 14 -4 -19 19 -15 -16 -10 -11 1 -10 13 14 -8 10 20 2 -19 1 4 7 -14 12 5 -7 -10 -8 19 20 10
17 -16 -6 11 15 9 4 0 3 -8 -18 -18 8 -8 -20 16 2 -19 3 1 6 -20 0 9 -15 -12 -14 18 13 15 -13 17 -12 10 11 15 15 1 -13 19 -18 20 0 -5 -1 14 7 -2 -18 -14 -17 -1 -12 -4 4 -11 -3 1 6 -16 13 3 -16 11 -1 -1 6 -19 -19
-2 0 -9 -15 -12 13 18 18 -14 3 -13 -14 -4 1 0 -13 -9 16 -7 17 -15 -6 -17 -3 -1 15 14 -15 15 16 14 -1 15 -1 -14 5 -18 -1 6 -15 1 -3 -17 -12 -16 -14 17 -20 -14 10 -18 10 3 5 14 -14 -4 -10 17 15 -5 -15 1 -10 -9 16 -14 20
-19 10 -7 -12 -10 12 -5 6 -20 13 -3 16 -8 11 15 -5 -17 7 -7 19 4 -8 13 -2 2 -12 5 17 6 17 -2 -3 -5 19 -13 6 -4 18 11 -20 -13 5 17 -8 -4 -12 16 -9 17 -13 -5 -12 -18 -6 -5 -18 -16 5 -12 -7 -3 -13 16 -20 -7 -13 -20
6 -14 1 -7 8 -11 -11 -13 3 0 6 4 13 -3 8 -8 20 -11 -7 4 2 -8 -5 11 11 -3 7 -17 -4 -20 7 9 -10 -17 -17 9 13 -2 -7 6 -13 -2 -11 -2 -3 -9 7 -20 10 13 -16 17 9 2 -1 -6 8 -8 -3 10 4 -3 -10 10 -6 8
-12 -19 -5 11 4 -6 15 12 -11 -13 -3 3 13 -4 -14 -3 13 -1 5 -19 -16 16 -14 -5 -2 -4 -5 15 19 16 13 -9 20 11 13 -20 -11 -19 0 15 6 16 1 -20 10 -8 -9 -14 -1 7 -4 -3 17 -8 20 5 18 16 16 2 -14 4 10 19 -8
-5 0 -18 1 2 10 -5 14 1 11 -6 7 15 -19 -16 -14 16 -12 -6 6 -18 -7 9 6 14 -16 -14 15 8 -12 -6 -7 -7 3 -14 -18 -4 -20 17 6 -13 -3 17 8 -7 -15 1 -5 19 -13 -15 -4 18 14 20 -5 -18 10 -3 14 -10 -20 11 -7
6 1 -14 -15 12 17 -6 16 -3 -20 7 2 2 8 15 -10 -19 -14 20 16 -19 -3 -8 -9 -10 -6 -18 -9 -8 -7 -8 -12 -2 9 -17 8 -6 19 -12 -18 -13 -7 3 20 -1 7 -11 -16 -10 10 4 -20 -10 3 -18 14 -9 6 -14 -15 -10 -7 -16
-11 6 -14 7 -6 -10 -3 13 15 13 17 17 1 8 -10 18 14 16 -7 8 7 -9 19 8 -3 0 -4 18 -7 -19 -8 5 -2 4 14 9 -15 17 -13 -12 -17 -6 14 -13 15 10 5 17 -12 -17 13 -9 14 -6 -12 -5 -17 12 18 14 -16 -5
14 15 -15 1 13 14 -15 -4 -4 1 15 -12 -9 -18 7 11 -7 -12 -6 20 -15 13 -11 19 8 -16 7 20 14 -15 0 9 -10 -3 1 -19 -18 -20 -19 -19 -19 -15 0 -10 20 17 -15 -15 -8 10 -14 8 14 3 -17 20 18 -19 -11 2 0
4 -13 12 -2 -2 -4 -10 -15 14 -11 18 16 14 10 -2 11 13 -16 -11 -9 -2 12 19 -18 0 4 10 -18 12 7 9 -19 -18 18 -17 -20 -4 -5 4 2 20 1 -15 3 13 -3 13 -11 5 4 16 -13 -5 6 -11 -3 12 -6 0 3
-17 3 -1 -10 16 4 -18 15 -18 20 10 -17 6 -7 -5 6 18 19 15 9 19 2 -19 19 20 13 -9 -12 -16 -17 -3 -17 -13 5 -4 13 -13 15 13 -20 -4 20 -4 -9 15 10 11 -5 13 -8 4 -8 13 -16 5 -3 -5 -11 -16
-11 5 19 -2 -10 13 16 -1 6 -1 -10 -19 -5 6 -12 3 13 7 -7 -14 -1 -4 -15 9 -18 4 -2 20 4 -10 2 3 -2 -18 -9 5 -6 3 1 14 -9 -2 -8 -19 -15 10 4 -1 6 -3 -2 12 16 13 12 -19 -6 -14
3 -5 15 12 13 -9 -3 1 -12 9 19 -17 1 -18 -2 20 -17 -2 -5 -7 -7 -7 2 -8 13 -4 17 0 -13 5 -6 -11 -14 -15 -14 18 9 13 9 -13 14 -17 18 -8 -5 17 -15 20 -8 11 -7 -12 5 0 -6 -18 6
-18 -16 -15 19 12 11 0 4 -14 9 12 6 15 13 -20 -20 -9 -7 -19 -19 17 -14 1 6 -13 15 -12 18 13 -20 -5 4 1 10 20 11 -4 -2 18 -13 6 -20 19 -7 5 3 19 2 -12 -17 -16 -1 18 -16 -13 13
20 16 -2 -14 14 -2 -6 -6 5 13 10 1 -19 17 -12 6 -8 -10 -10 -7 18 18 12 -11 -16 -5 8 -3 1 1 6 -16 -15 -4 -18 -2 -12 13 14 6 -18 3 20 -19 1 -5 11 5 7 7 -18 13 -14 -13 -12
7 -19 -18 -8 -17 13 -7 3 4 5 18 -15 -19 4 -11 9 -16 0 -7 -14 -9 -7 -4 1 2 -17 7 12 15 -9 7 16 -14 11 20 11 7 15 -11 19 -7 13 -4 -2 -18 -13 -5 -1 15 -20 13 8 -8 1
-1 -5 10 15 13 -12 6 -18 -7 -6 3 19 -13 -17 -14 3 8 -19 18 -17 12 3 16 17 -16 -2 -2 16 -9 -19 8 -4 17 -10 5 18 16 19 20 6 19 16 4 -2 15 18 18 9 -15 13 -2 -11 14
3 17 4 20 16 -5 -11 1 16 -14 -2 -19 12 -1 16 19 -8 -9 -8 -14 -9 -6 -2 -11 7 5 16 15 -17 6 19 -19 15 10 -11 5 20 -13 9 6 -19 8 -9 -7 -1 15 -6 13 18 -6 0 18
3 -5 13 -12 15 -19 -2 -20 2 6 -13 -11 16 19 7 1 -19 15 -11 5 17 2 14 -11 7 -3 -15 15 4 16 4 2 6 20 -16 -7 -20 15 10 7 -14 -11 -8 13 0 16 1 -13 -4 -8 -3
5 14 -11 -5 17 -1 12 -3 20 -18 -19 -10 10 -6 -20 -20 12 7 18 5 4 -16 -17 -13 4 12 -8 -16 -15 -8 19 1 -19 -17 -16 4 13 -17 19 -3 -15 -2 20 18 -16 0 -17 9 6 -9
20 13 -8 17 8 6 20 -11 -17 3 -6 20 -3 -3 -19 11 8 8 18 -2 5 -10 -17 8 -12 5 6 -12 18 -12 2 -19 15 -15 11 20 10 4 -17 -10 16 18 -16 -4 -19 5 13 14 -4
-16 -8 -8 -8 9 -6 -15 -12 0 2 -10 -8 2 5 -14 9 14 -15 9 -20 -7 -10 -14 -15 18 -10 -20 4 -13 -6 7 -5 12 0 -12 9 11 14 16 2 4 -13 -8 -7 8 -16 14 -2
-1 -4 17 -17 -10 17 0 -17 -11 5 -2 12 -18 -14 7 -3 -2 -17 -5 8 -7 -4 -14 5 10 14 -14 -11 9 11 12 -10 -9 -16 -20 -10 20 -15 11 17 14 -9 -14 20 -8 -4 13
6 -10 16 14 1 11 18 8 -6 7 -6 14 -5 -13 12 -9 14 0 6 -19 1 -6 16 8 -19 11 17 14 20 7 5 -13 9 10 -17 5 11 -5 5 13 -11 -20 3 -20 4 14
-11 -15 -10 -9 -6 20 2 0 -10 -15 5 3 -20 1 14 8 -14 -4 5 16 -11 -16 13 -9 -16 16 -12 0 16 5 9 18 -18 15 17 14 -3 -5 7 19 18 14 -2 14 -19
-10 -12 -18 1 -18 18 -6 14 7 18 -4 12 -2 -12 -1 18 1 19 12 15 20 -16 -15 -2 2 8 20 14 12 9 -18 8 -15 2 -9 -5 14 5 8 4 10 -8 14 -9
-19 19 8 -3 4 -16 19 -16 20 9 11 19 14 11 4 14 -11 19 16 7 12 11 -11 -12 0 13 16 -8 11 -18 14 0 13 -20 5 -9 20 -5 3 -17 -3 -19 3
4 4 19 1 9 16 -18 -19 -13 -10 -3 14 -9 1 3 -3 -4 -9 13 5 9 17 5 -8 -12 2 19 -2 -9 20 -5 20 -12 14 16 -3 5 -6 -8 14 16 -14
1 5 -10 -4 -15 0 -9 14 1 10 -9 1 4 -10 16 -10 5 17 -6 -6 1 13 18 3 -14 -6 12 -14 15 5 3 3 -19 11 13 -4 4 15 0 -19 19
0 11 -2 -4 -6 -20 -8 -1 20 19 -13 12 16 -16 -13 10 18 10 -10 -17 -8 13 1 17 -5 -3 -18 -15 3 -7 5 -1 -15 0 -2 9 -14 0 0 -8
-14 -7 -9 3 19 -7 6 10 13 -14 -5 7 8 0 -18 -19 19 -3 -11 -14 -2 -15 -18 2 -9 9 4 19 13 -13 17 13 10 15 -17 18 -12 10 -20
-3 3 -12 -5 12 13 15 2 5 -10 -12 1 15 7 6 -17 0 17 12 6 8 14 8 -3 -1 -10 -12 11 1 12 1 -3 14 20 1 17 7 3
0 19 -2 -9 12 -12 -1 19 -13 -15 7 1 -19 -12 -20 -18 -18 -11 -1 3 20 -6 17 -6 -16 -5 -12 -13 0 0 -16 -7 -20 0 1 10 -18
13 -7 20 20 7 15 -9 -14 -2 -1 -2 13 13 19 4 4 17 19 11 -11 11 -6 7 8 20 8 -2 6 -11 -20 -12 3 12 -10 3 -2
-7 -16 13 -7 -9 14 -14 -12 -8 -16 -12 -8 18 -11 -20 20 -1 19 -15 -17 4 -20 -15 13 -5 6 -4 11 -10 -7 15 9 2 -19 14
-10 10 5 13 -15 9 -9 -9 2 10 9 0 -4 3 15 20 -3 10 -12 4 -11 16 -18 0 -11 19 -15 12 9 4 15 -5 -14 5
-17 15 -9 8 -13 10 -9 -16 9 -7 -8 8 -7 16 17 -9 -19 0 -9 -9 -11 16 16 19 -7 6 -10 -14 7 0 17 -16 20
-1 -5 15 15 -11 -5 -10 0 3 -5 16 14 -7 0 15 -1 -3 6 -13 11 9 11 -6 -10 5 -2 -5 -19 16 1 -4 -4
16 11 19 -13 -9 8 18 17 8 -20 -9 16 -9 8 -16 -10 -17 1 -5 18 9 13 11 -13 -7 11 0 -12 17 15 13
-5 -12 -11 -19 -14 -12 3 5 -17 15 -8 -9 -18 -18 -4 15 11 18 9 13 12 12 16 8 2 -7 3 12 2 -9
-5 20 14 5 -17 -18 -8 -19 -3 -1 -5 4 -15 16 16 0 -13 9 -16 2 -10 -7 16 -15 -19 -11 16 -10 17
2 -19 -15 -1 -8 10 -3 12 -8 -17 19 -8 -20 16 6 10 -15 -7 17 11 -15 18 -13 -11 5 -17 20 -11
-11 -13 -7 -10 -13 9 6 9 -12 -17 -13 18 -15 -13 -13 4 5 -14 -12 -9 -18 -13 19 -18 8 -12 1
13 8 -5 -8 19 -7 -18 -2 16 -8 7 4 1 -7 14 -20 -9 9 -1 13 -14 -11 -2 -9 -14 -15
-2 -19 15 5 20 13 -12 1 -20 16 0 -12 -11 18 -2 4 -12 -19 17 -8 3 2 4 -16 -20
-7 16 18 2 -12 17 11 -19 -14 -6 9 -13 -11 -3 -8 7 2 15 0 14 3 4 -1 -12
-7 -19 -4 -16 -11 -19 -11 10 -17 7 -13 3 19 -10 10 -6 15 11 -3 -17 -10 18 19
-17 8 -15 7 7 17 -19 6 -6 -12 -12 -2 13 -14 1 0 -4 -10 20 -20 -6 -2
-18 -5 -17 -13 -19 19 3 5 11 16 20 8 3 7 -1 19 -16 3 8 17 2
3 -2 7 -9 -5 -4 10 -14 -12 -4 9 7 -20 -13 -18 15 -17 -13 12 -13
-18 -7 -19 6 15 -6 -14 8 5 -3 -15 11 -10 7 13 -18 14 -20 13
-14 3 8 -14 -11 17 -19 -14 1 -17 9 -15 -8 12 -18 6 8 -14
-5 -17 9 -6 1 -15 -17 -2 3 13 -3 11 -1 -8 5 -9 -13
-8 -19 -19 16 7 -9 2 14 13 2 8 7 7 18 -4 11
-19 -7 -13 15 -20 1 -8 -8 18 5 -10 8 -4 7 5
7 -11 -15 2 17 -16 13 -5 -12 10 -19 -18 -17 -3
5 6 7 -14 -1 1 20 17 -19 -16 -13 -17 8
17 11 9 -13 -4 -18 -19 -4 17 -5 14 15
-16 16 20 -3 16 -20 0 -5 -16 0 -9
-18 -4 19 18 12 -18 17 -1 18 11
5 18 13 11 20 -6 -16 -8 9
17 8 -13 6 4 18 15 -2
-14 6 4 -14 -11 -7 11
-2 -17 11 10 16 -3
-5 -6 -9 0 7
-9 -7 12 17
18 -2 17
16 -13
19
