50
2 3 2 4 5 5 2 2 2 6 3 4 1 2 3 1 0 2 3 4 5 3 4 2 2 6 3 4 5 2 1 3 5 4 0 1 5 2 4 2 2 3 3 3 2 2 2 4 4 5
3 20
2 6 27
19 50
10 20 48 50
5 26 28 47 49
6 10 12 32 34
33 40
22 30
21 24
4 5 10 39 40 46
8 31 35
2 24 41 43
41
15 20
19 25 35
33

2 48
17 22 30
20 34 48 49
9 22 28 31 46
3 8 35
3 16 26 38
8 32
7 24
5 19 26 29 30 34
7 14 30
13 16 27 33
13 14 45 47 50
32 44
47
18 23 44
15 25 36 37 49
6 18 34 37

25
4 28 29 44 45
18 48
1 10 14 41
11 46
36 46
39 42 45
1 13 18
12 17 45
2 32
25 29
9 39
5 6 23 26
11 15 42 44
9 21 35 38 43
3 -2 -16 -15 19 18 12 4 9 17 15 -18 8 16 -8 0 18 10 12 -11 -17 8 -14 1 -15 12 -9 -18 -5 8 8 13 13 19 -10 3 3 -2 4 6 1 18 -17 20 1 -16 1 -14 15 4
-2 -4 18 -11 1 -15 17 -11 2 -1 5 -12 18 -15 -1 15 4 1 -12 13 -15 7 12 3 -19 3 -1 -9 -7 1 11 -8 -6 -12 -11 -16 -2 -14 12 14 13 -18 1 19 -12 18 4 -11 -10
-9 19 -10 8 -18 6 3 -5 8 19 -2 8 -6 14 -5 -1 10 -8 3 16 8 9 -2 4 12 13 6 -10 -8 18 -12 -4 -17 10 3 15 -14 13 -13 -2 -15 -10 -3 8 12 -11 7 -15
-6 8 2 -19 6 -17 5 12 3 -5 4 -15 3 -6 -19 0 -14 1 -11 -12 -18 -2 10 -12 10 8 19 -20 -15 -19 -4 -7 -11 15 18 13 7 -13 -2 -5 -1 -13 -17 -5 6 20 19
9 -16 -13 11 18 14 -19 20 12 16 -5 -11 -2 7 -20 19 2 -5 16 6 -9 -15 13 3 -16 13 14 12 12 15 -19 4 10 -18 20 4 3 -4 -19 2 -16 2 -5 20 -14 17
1 -12 -18 2 14 1 -9 9 10 20 -9 -12 -16 9 -18 -2 -8 -18 -8 -18 0 -1 12 5 14 10 -4 -18 -8 -2 2 -17 1 -3 -13 3 7 5 8 4 1 -9 11 11 3
13 -3 -15 7 -15 7 18 -9 14 -2 0 -14 -15 0 -2 -1 8 18 7 -10 8 2 8 -18 2 19 7 -3 20 -17 -16 20 5 3 12 -10 -19 -11 18 8 -18 -12 -16 -5
3 3 4 16 -18 18 -11 8 3 3 8 -16 16 -12 13 3 5 0 -3 -5 -13 -19 -9 11 13 4 15 -13 -4 -4 8 -7 19 -2 11 -8 -13 -12 -16 8 -9 8 -15
0 2 -16 15 14 -2 -1 -10 20 -9 3 12 -6 -13 -8 -12 -5 11 -19 3 15 16 3 9 15 -12 19 -15 -16 -1 5 10 13 6 6 16 -16 -12 0 -16 8 9
13 2 -12 15 20 17 -9 -12 7 12 -17 -13 13 -11 -1 -10 -10 0 -6 2 13 -2 -15 -4 -8 20 15 -3 -12 20 -1 19 14 -15 12 -10 17 17 -11 -10 19
18 1 16 -18 -19 -15 -18 16 -4 -7 16 6 19 20 -19 11 20 14 -2 -1 10 -5 5 -1 9 -16 -17 -10 8 6 10 9 -7 1 18 -11 0 0 2 5
-12 3 12 15 -14 0 -5 9 -13 -3 8 -5 -11 -14 -17 -2 4 19 6 -5 -10 0 16 0 -8 -10 11 12 9 11 -1 11 -19 -15 5 12 9 -5 -7
17 2 -17 -17 -2 11 18 10 -2 14 -20 -14 7 -12 -4 3 5 3 -18 5 -17 16 15 -8 3 15 -2 -16 4 12 8 15 -3 19 19 -13 -12 -14
5 3 1 15 3 -11 -8 18 12 5 12 -18 -18 -18 -12 1 10 13 9 -11 18 12 -12 0 19 0 -10 5 19 -1 17 1 12 12 14 11 16
-1 10 -19 3 1 -13 6 17 -1 20 -19 18 10 -4 17 16 -6 -17 17 10 -10 13 20 19 4 -11 -5 -18 16 -13 -8 -19 8 0 6 -11
6 -7 6 12 19 10 -17 -12 13 -7 15 0 10 13 4 0 -9 9 14 1 14 2 -4 19 10 -8 -5 -3 15 -1 -6 -1 -2 -7 11
0 10 2 15 -3 -2 -13 16 14 4 5 2 -11 -2 -18 -2 -15 2 8 -4 10 -7 -8 14 -3 15 -3 -12 -14 19 17 -5 -5 -17
13 -6 20 -6 -17 -14 6 1 10 -14 -12 -20 15 -10 6 10 10 -8 -2 0 -2 -17 -15 16 -6 14 -18 -9 6 -9 -18 5 11
-9 -2 -18 -20 -1 16 18 -14 1 -2 9 14 13 11 -12 12 9 -3 -8 -13 1 -10 9 -4 -9 -20 1 -2 16 -8 -9 19
20 5 7 12 0 -15 5 -14 -9 -12 10 0 -5 -20 -4 4 -5 8 -3 1 -1 17 16 -20 -4 3 -5 -17 -13 9 -1
-10 5 12 -1 -13 20 -2 3 19 -6 -6 -12 10 -11 9 18 3 6 15 10 14 -7 -5 18 -15 13 8 13 3 -16
16 -13 -17 15 12 -8 16 14 -11 -10 0 13 8 -13 -7 17 11 -15 12 8 -17 9 -12 12 6 9 16 -17 15
9 -1 -19 5 -4 -20 -7 17 -16 -18 7 2 -16 14 -17 -16 10 -18 -2 6 -9 -12 6 3 4 8 4 4
-15 14 -12 2 -13 -9 14 5 13 -12 -6 -20 -19 -1 9 14 7 14 4 -6 -5 9 2 -11 -3 -8 -13
-18 6 19 -19 -5 -7 -16 -14 18 -18 8 18 -17 -5 -18 5 8 -6 14 -7 -17 -12 12 -2 -6 16
0 16 18 0 -5 -1 -11 13 -6 6 -1 -3 -17 15 17 -9 20 7 15 11 -17 2 4 13 0
6 6 -11 -1 4 -9 14 10 -5 -6 -1 -11 9 -17 15 6 6 15 13 -12 4 -5 -4 -7
1 -15 8 3 -15 14 -8 -17 -3 4 18 18 -18 -16 -8 17 15 -7 10 -7 1 -1 -20
-7 -8 -13 10 -5 18 -7 5 -5 15 0 -2 4 9 14 2 -1 -4 3 12 11 9
-14 10 0 -7 3 0 6 -18 16 -6 -11 -19 -4 15 17 17 6 -2 -11 -8 1
-6 4 16 -5 11 15 1 -4 11 11 9 -10 2 -10 -12 14 11 -9 14 -17
13 -18 -16 -17 -20 6 -12 20 -6 -16 -11 -20 -7 12 9 3 -17 19 20
19 10 11 -19 -20 14 15 6 -20 -19 13 -3 14 -2 -19 12 7 -9
-14 -14 13 -11 -5 -8 19 13 -4 2 -3 5 -15 3 5 9 16
-5 -6 -1 -15 -18 -15 5 4 4 15 10 -17 20 -20 -10 -15
11 7 1 16 -14 13 -18 -6 -7 16 10 -3 -18 -16 -3
14 16 -18 -9 0 -19 -7 17 -11 5 -16 -1 -10 16
-5 16 4 14 1 4 -12 -15 12 2 -17 -14 7
-6 -16 1 18 19 18 5 0 -19 20 -3 8
11 -6 2 15 4 7 -9 17 4 -15 19
-2 -5 -16 -15 -3 -11 4 20 -11 4
0 3 -14 -15 -20 -1 8 3 -3
-14 -12 -15 -9 7 8 15 15
12 6 -14 -19 -15 2 15
-15 18 18 0 4 -20
-2 6 4 -15 15
-5 16 13 -10
4 -10 -12
-3 -1
-3
