25
4 2 5 5 2 1 4 4 4 1 0 4 3 3 3 0 1 5 2 3 4 2 5 4 1
1 5 7 9
14 17
5 12 15 17 18
1 3 12 15 19
2 11
25
7 11 17 21
2 6 8 18
1 9 11 22
18

13 16 20 21
12 15 19
4 8 10
14 20 25

6
3 7 8 15 24
4 9
13 16 23
16 20 22 23
3 22
7 8 10 17 22
1 3 14 24
18
4 -3 20 15 -6 0 -17 -6 -18 0 5 -3 -16 -7 16 0 -7 11 5 9 -11 -4 -12 -5 15
14 -4 17 7 17 5 3 -6 -12 12 11 -15 -17 -13 -11 20 -10 7 18 -16 4 4 18 9
13 -4 15 -20 -13 14 -3 1 -13 -2 7 -10 9 -20 -4 12 -9 12 -14 20 -1 20 12
18 -8 -11 3 -10 14 13 -20 18 0 11 -19 -13 3 -1 -5 -17 -5 16 -15 -15 11
-16 14 -12 -12 10 15 -10 -4 13 18 7 -7 14 -8 -1 5 3 8 13 8 -13
-5 -6 -16 1 -19 17 15 -6 17 -6 -20 -16 20 -17 -6 -16 -18 1 -16 12
-5 -3 11 -7 14 -12 16 16 10 -5 10 6 -8 -14 -14 7 2 7 6
9 -17 -14 -17 5 1 -14 -5 -8 -8 14 8 -12 7 -9 -3 9 -5
-16 8 15 -14 -17 14 -20 -15 -5 -10 6 11 10 -7 5 -17 -10
4 -20 4 -4 9 -2 7 15 11 -11 -8 -2 -7 -17 17 14
-17 0 -17 -17 17 10 12 13 -10 -17 12 -15 -9 -16 18
-16 -5 5 -13 16 -5 17 18 -18 19 -15 6 17 16
13 0 -4 -7 0 -5 -4 5 -12 -1 9 0 -16
-20 9 19 16 -14 -16 14 -7 12 -4 -12 2
-16 -5 3 -2 -10 8 14 -1 19 13 -20
15 -1 -14 -12 -4 -13 -14 15 -11 -3
-2 18 -7 1 -7 20 -4 12 11
-4 -17 -15 20 7 -3 -18 -20
1 -12 20 -4 -10 8 15
7 15 -20 -13 -16 -11
14 -18 3 17 15
-11 7 -12 -18
-1 3 -18
2 -7
-5
