50
19 19 16 15 20 22 19 19 26 19 17 20 16 15 13 24 15 19 12 18 23 11 18 21 19 23 18 20 21 15 13 22 14 20 13 19 23 23 13 20 15 17 16 19 20 13 16 16 18 16
1 6 9 13 19 21 22 24 27 28 30 33 35 36 41 44 47 49 50
3 7 8 9 14 20 21 26 28 31 36 40 41 42 44 45 46 47 48
4 5 8 14 15 16 28 33 34 36 39 41 42 43 46 49
13 16 17 20 21 28 30 34 36 37 41 42 43 45 48
1 3 4 8 10 18 20 22 23 24 27 28 29 31 34 37 38 41 48 50
4 7 11 14 16 19 21 22 23 25 26 29 30 35 37 39 41 43 44 48 49 50
1 6 7 8 10 15 17 22 23 25 32 36 37 38 40 41 45 48 50
3 7 8 10 11 12 15 16 21 25 27 30 31 32 34 39 41 42 48
1 2 3 11 12 13 16 17 20 21 22 23 24 25 26 28 30 31 36 37 38 41 44 47 48 49
1 4 7 12 18 21 24 25 28 29 33 34 35 36 38 39 46 48 50
1 5 8 14 16 21 24 30 31 32 38 39 42 44 45 49 50
2 3 7 8 9 10 11 12 13 28 30 31 33 34 39 40 42 46 48 49
1 2 3 8 9 10 13 21 26 35 38 39 41 44 46 47
3 8 9 15 16 20 22 25 26 28 29 36 39 42 50
6 8 14 22 23 32 34 36 38 41 45 47 49
1 2 4 5 7 8 14 15 16 17 18 26 27 30 33 34 35 36 40 43 44 45 46 50
1 4 6 7 10 16 21 28 31 32 38 39 40 41 50
1 8 14 15 16 17 18 19 20 21 26 29 31 34 38 42 43 44 45
2 3 7 13 14 17 20 26 35 38 43 49
1 2 7 8 11 12 21 23 26 29 30 35 36 39 40 46 48 49
2 8 10 11 13 17 18 19 20 21 23 26 28 29 34 35 38 39 44 46 48 49 50
2 5 7 8 20 22 31 36 47 48 50
5 7 11 13 16 20 21 24 25 29 36 39 42 44 45 46 49 50
1 3 4 6 10 12 14 15 19 21 23 28 29 31 32 33 34 35 37 41 48
4 9 10 12 13 14 18 23 24 25 27 28 33 34 36 42 44 45 49
2 3 4 5 6 7 8 9 10 18 19 20 26 28 29 34 37 38 40 41 42 48 49
1 3 4 7 12 14 17 18 20 25 28 34 36 37 39 41 43 44
1 2 4 5 9 12 15 16 20 21 22 23 25 29 30 31 34 37 41 42
2 3 4 6 8 9 13 14 15 16 18 21 22 24 25 38 39 40 41 42 50
1 3 7 10 11 14 19 21 30 31 34 35 37 39 42
1 2 4 7 22 23 28 33 34 43 44 45 47
1 2 3 10 12 13 14 18 19 20 27 30 31 32 35 36 42 43 44 46 49 50
1 4 6 7 12 17 19 26 29 32 34 37 44 49
6 8 10 14 20 21 22 24 26 27 31 34 36 37 41 42 44 45 47 48
3 4 10 15 20 28 29 31 36 39 44 45 46
1 2 3 6 12 13 14 16 20 22 26 28 29 31 35 40 41 43 49
1 3 5 6 8 9 10 12 14 15 17 18 21 24 28 32 34 35 37 38 42 46 50
3 4 6 7 9 11 14 16 17 19 20 21 22 25 28 30 37 41 42 45 46 48 49
2 4 8 12 14 26 27 30 35 39 41 46 47
5 9 11 13 16 20 21 24 25 26 29 30 35 43 44 45 46 47 48 49
2 7 8 9 18 20 25 27 28 29 36 37 44 49 50
2 5 10 16 17 22 23 24 26 29 39 41 42 43 44 46 49
1 2 4 5 9 12 14 20 21 26 29 31 40 41 44 45
1 7 11 14 18 20 24 25 29 34 35 36 37 39 40 42 44 46 49
1 7 8 12 14 15 17 19 20 22 23 29 35 36 37 38 39 46 48 50
2 4 10 14 17 18 22 30 35 38 39 48 49
2 6 7 8 9 11 15 16 26 29 31 33 35 36 39 46
1 5 12 13 14 17 19 21 25 29 31 32 38 43 45 48
1 7 8 10 16 20 24 26 27 29 31 32 34 39 41 43 45 46
5 7 8 11 13 14 27 30 31 33 34 36 39 46 47 49
-5 -16 2 -4 -14 -20 -17 4 8 6 -10 6 11 4 2 14 4 -14 10 16 -6 -10 8 -16 -18 -2 -19 0 -4 -14 -16 1 -10 4 -10 -16 15 -15 1 18 19 10 -19 7 -10 18 7 -10 -17 -14
1 -7 -8 6 15 14 -4 -2 -1 -5 -14 -17 5 16 15 11 -11 -17 3 -20 7 -15 -2 20 18 10 -8 -14 -19 -7 -10 20 -2 -15 10 -13 -1 5 10 11 -4 -15 14 4 -9 3 4 3 -9
8 -18 -4 8 9 -4 -6 -3 16 -17 -11 -14 -15 2 14 6 17 -6 15 -17 4 13 6 14 10 16 -5 10 -1 -15 5 -18 12 16 13 16 19 -11 -13 8 -9 -10 -7 -8 -12 -18 7 -15
7 -8 20 -11 18 -4 0 -16 -15 4 15 5 15 0 -3 13 9 -20 19 17 13 6 -13 6 -11 -11 16 17 17 -14 -14 16 -14 -2 14 2 6 -4 4 11 16 18 10 -18 -9 -3 5
-11 19 18 5 -18 5 1 -5 -17 10 -3 3 -19 1 -1 -1 -3 11 -14 -6 -12 -1 8 0 -3 6 18 -15 -8 8 -7 6 11 13 3 -17 12 -10 -16 -1 12 5 -12 13 16 -19
-9 -8 -8 -17 -5 -18 9 -17 3 -8 -3 3 9 12 5 20 -13 -19 -5 3 11 18 8 -9 10 17 15 2 2 -10 -4 -15 -2 -19 4 -17 -10 16 -7 -6 -6 -7 -3 6 12
-19 -20 10 -12 -9 18 -20 -6 -4 18 -1 -3 7 4 2 9 -4 -7 9 -1 13 19 5 17 -14 -20 12 3 15 18 18 -2 -1 -14 10 -16 1 -3 20 0 -3 -4 -1 -8
-11 13 -5 -17 18 5 0 -12 -19 11 -2 -4 6 5 4 -18 17 16 -8 1 -6 14 20 10 2 12 -1 -10 15 -9 -2 -14 10 -12 -4 15 -9 1 -15 -6 2 -6 -1
6 1 3 -4 17 -2 9 -13 10 -17 20 17 17 19 -16 10 -8 12 -13 4 13 -1 6 -17 -11 -12 -8 1 6 16 9 -11 0 -9 -15 11 1 20 -9 0 20 -17
-20 8 -3 -7 -10 16 -10 11 -15 -12 19 7 20 7 5 7 10 4 -20 -18 14 -8 3 -20 0 13 -8 -19 -20 20 -5 -6 2 -1 -12 -14 4 12 17 -1 -10
-16 -18 -1 -2 9 13 18 13 1 7 -12 1 11 2 -8 -10 5 -19 -6 -6 -12 -7 -19 17 12 -10 -13 3 -18 4 20 -4 14 19 -17 18 -17 -14 -19 -17
-13 6 8 4 -13 15 -4 10 -11 -7 20 -20 -1 6 -14 13 -3 19 18 -12 6 -14 12 19 -13 -2 -13 -14 11 -8 18 -8 -4 13 -8 2 6 -2 -10
-18 15 11 -7 10 1 -5 -20 -20 -15 -13 16 11 -11 -15 12 -16 -14 -4 -6 9 -2 -4 9 -17 -14 -9 -18 -2 3 0 7 -13 -14 -18 -20 -12 -10
1 2 8 19 -3 -15 3 1 -9 -13 5 5 9 -3 4 10 6 -10 -13 -12 -17 -10 -14 6 17 10 16 8 -9 19 4 2 19 -19 -12 10 11
-13 6 8 -18 -16 -4 0 -20 13 16 16 -6 1 13 13 19 -14 7 -5 10 2 4 -11 15 19 -17 -20 -10 12 10 11 -10 -16 11 0 -5
1 -3 -17 12 -6 15 4 5 -5 -15 9 8 16 8 -15 11 8 0 -13 11 -19 -14 5 6 -18 15 15 -20 -15 18 19 20 -1 12 15
-7 9 1 3 -17 -6 9 1 15 19 18 10 3 8 -13 -14 -6 -20 1 2 20 -2 15 13 3 -14 -18 -10 11 -12 6 -14 -4 19
-8 -8 -13 5 -7 9 -8 1 -14 6 -18 20 17 -13 8 9 17 12 -12 11 -20 13 -17 15 7 17 10 12 -9 17 -9 -12 -14
4 18 18 0 12 4 6 18 -5 -3 5 1 -2 8 -12 -12 6 18 12 -1 15 0 15 20 -7 -8 -7 19 -2 2 -12 -9
12 14 20 0 -13 2 15 10 17 16 6 14 -2 7 -20 13 -14 -19 4 -11 -17 -17 -8 -3 -10 -2 -4 -11 -17 -2 -7
14 -18 2 8 -14 19 15 -6 15 4 -5 12 -2 -17 4 4 6 0 15 -17 -20 -4 -8 19 8 -6 20 3 17 14
18 -8 -8 -2 8 -9 -16 -9 -9 12 -13 4 -18 7 -3 15 -4 -12 -10 17 -4 -20 1 9 -11 -18 -11 0 18
-17 20 19 -1 11 16 15 2 -16 0 13 -6 -9 13 -16 12 -10 6 14 14 5 -15 2 -6 -7 1 1 3
-2 -7 19 13 10 15 -20 -13 2 8 -5 19 19 -5 -18 0 4 -13 4 -4 14 -2 -19 13 3 12 12
8 11 -18 -2 -8 0 12 -15 -14 -10 14 14 -20 20 -16 -7 20 -7 7 -14 -7 14 7 -16 -11 -19
9 1 -18 -15 -16 -17 -9 -4 15 -16 16 -6 -4 6 4 8 20 5 7 0 -19 4 -13 14 -20
19 -16 17 -18 -16 2 12 -14 -2 -1 18 -15 -2 8 4 5 -19 10 -10 14 -6 -12 5 14
-2 20 -11 -1 3 -20 15 15 -11 -13 -18 -20 16 18 5 14 15 -15 -1 -7 2 -7 6
12 -11 -10 -9 -6 19 -4 -8 -13 -9 16 -17 15 9 15 -16 -2 -16 -4 -14 -8 17
11 1 2 -12 -5 -14 -2 19 -16 -8 0 11 8 1 19 -1 17 -11 16 16 3
0 7 -10 -20 0 -5 -6 7 -3 3 -12 1 10 9 8 2 -1 11 15 -14
-9 18 -15 -3 -12 14 -8 -4 20 -16 -16 -19 12 20 -19 17 17 5 17
-7 -18 15 -4 14 14 10 -11 3 5 -6 17 -2 -12 9 12 12 -15
5 3 12 -20 -5 19 -10 12 -12 8 -10 -9 16 16 -11 10 2
-18 -6 11 -6 -16 -4 3 -6 -18 -7 13 3 4 10 9 -18
-18 0 -14 13 20 -3 -4 17 14 16 -9 4 4 3 17
-16 13 -4 4 -6 13 5 2 2 11 10 18 -20 12
-12 8 -10 -6 -16 12 -3 -7 -11 -9 -10 3 18
-13 -6 6 1 -13 10 10 10 -7 17 -10 6
-19 -5 -18 -12 16 17 -10 -12 20 12 -18
16 -11 -17 -10 -4 -9 13 5 18 16
20 -19 -2 -15 -7 8 18 10 10
-10 -6 6 18 -11 17 -9 19
12 -4 -10 1 9 18 17
-16 -6 4 4 -12 -14
-19 -8 13 12 6
-11 18 -14 -9
10 19 18
-18 14
12
