50
3 5 5 2 4 19 5 21 2 5 5 2 2 5 3 2 5 2 5 4 3 2 2 4 5 2 4 4 5 5 20 3 4 2 3 4 4 3 5 3 4 2 25 4 5 2 3 4 18 3
1 35 39
3 24 27 34 45
15 23 25 31 50
9 28
6 15 31 50
1 7 8 10 13 14 17 21 24 25 27 34 35 37 39 42 44 45 48
17 28 35 38 42
9 12 14 17 18 20 23 24 26 27 28 31 36 37 39 40 42 43 44 47 48
15 48
7 11 14 33 45
22 36 40 44 45
11 25
6 10
5 6 17 28 39
6 24 39
25 47
19 34 40 42 46
12 50
1 13 29 34 43
3 13 33 39
11 40 44
16 24
6 11
23 26 43 50
1 13 26 34 38
6 36
23 36 38 47
13 15 18 39
1 12 17 26 37
5 7 19 33 36
2 5 8 13 16 17 22 25 29 30 31 33 35 37 38 41 45 46 48 50
15 44 45
23 27 34 35
17 45
6 19 26
5 12 31 36
14 18 23 37
13 44 48
13 14 16 17 48
13 16 40
7 8 10 50
43 44
1 2 3 4 9 12 14 15 16 17 18 21 24 26 31 32 33 35 36 37 40 42 44 48 50
12 26 44 50
8 21 30 34 45
1 44
7 25 38
12 17 24 40
9 12 14 16 18 22 24 26 27 28 29 31 32 39 40 44 45 49
7 18 47
-5 15 7 4 -8 -11 -11 10 -20 -9 6 11 -12 20 13 14 0 11 -1 -4 15 16 -17 5 -14 -10 -17 -7 -4 10 20 -14 8 1 -4 3 3 15 15 -4 2 -19 6 -13 2 18 -8 16 16 14
-9 -2 2 0 12 11 8 -15 4 19 -2 9 20 -11 -10 20 1 6 20 19 16 5 -16 -15 -10 1 -6 0 0 -2 -3 18 5 -3 8 3 17 13 8 6 -10 -9 -19 -12 -5 -4 -15 -7 -10
5 -14 -14 -16 10 15 -17 -19 5 13 -15 -14 -4 19 -11 -15 4 -1 -6 -5 -2 8 20 -12 -12 13 -10 -19 -18 2 0 10 9 14 -3 15 8 -12 14 -9 17 18 9 20 20 16 7 13
20 20 14 -1 2 10 14 -6 -15 8 -1 3 6 -4 -11 -1 -20 -20 13 -12 2 -2 10 14 -20 11 10 -1 -20 7 -2 18 -6 -20 15 3 -8 6 15 7 5 -5 -10 4 4 -6 -4
-15 7 20 -5 13 19 -3 -2 14 -3 6 -8 -16 -9 -12 -2 -13 20 9 19 8 -3 19 11 -8 0 -19 -11 -17 14 -19 -9 -14 -2 -3 -12 8 -20 -6 -15 -11 -20 11 -7 1 6
-1 11 3 9 -18 1 -15 -11 -17 -3 5 -16 14 10 -9 -8 -4 4 -20 -13 -5 4 8 -5 -18 -8 9 -14 13 -7 10 4 -1 0 -10 20 -18 15 13 -13 -4 10 20 -1 -8
3 -17 -7 -13 -5 20 7 0 -20 -10 -3 17 -13 5 -5 -20 -18 17 10 18 -11 3 -15 -5 -10 11 -15 19 1 20 -17 -17 2 -11 14 -14 -12 11 -6 0 15 2 8 -8
-19 4 2 -12 -4 -18 11 8 15 -2 14 11 -8 16 -9 14 2 0 9 -3 18 15 -10 -16 13 -11 8 -2 -4 14 3 9 -20 20 12 4 -9 -19 19 3 19 -5 0
-16 14 4 -8 13 11 15 -11 19 -2 0 6 0 -13 -14 13 -16 -18 -12 -9 -18 -8 -14 11 -8 -14 -18 16 4 11 13 19 17 -4 -17 3 -6 18 -16 -20 -7 11
-15 9 20 -17 3 15 6 3 -17 19 -3 13 -18 -16 -1 -16 -7 13 -14 -14 -6 14 4 -8 -8 13 -5 16 20 -9 15 15 6 -14 20 16 2 9 7 -14 -10
-9 15 5 12 1 -10 14 18 8 2 0 15 0 3 6 20 7 0 18 -5 16 14 -7 4 15 -4 3 8 8 5 -20 -18 -2 18 -19 13 -12 -1 -20 -1
-6 -7 0 -19 -3 15 12 15 16 16 -11 -14 -18 9 2 -11 -12 -4 3 17 -5 -6 -4 -1 -15 16 5 16 -7 -16 0 10 -9 11 16 -14 18 -1 -18
16 4 -15 -17 1 2 7 6 -13 -6 18 -20 20 20 4 -17 -1 13 -18 0 14 16 -11 0 12 -6 -11 -17 5 8 18 16 12 -15 -6 7 -2 5
-11 -12 1 -15 10 16 -17 15 5 -4 -15 5 12 7 -12 -12 10 15 -8 11 5 16 -8 15 19 13 -5 -5 -16 -3 7 0 16 -15 -13 6 7
3 2 -8 0 2 18 -19 -1 -10 2 19 8 19 -11 8 -18 -6 -8 3 -11 -15 -13 -17 -5 19 -11 -2 -20 1 -13 -1 8 10 -19 1 -7
14 -7 -7 14 13 -4 15 10 19 -11 -19 4 17 13 -18 -4 -10 -17 -2 -8 19 -3 -17 9 -20 -16 4 -3 3 -14 -19 -2 4 -6 4
12 -14 0 11 18 14 -15 -9 -8 12 9 15 -19 -18 -5 13 -1 1 11 5 -10 -19 2 2 2 20 -1 -5 12 -3 -17 20 -4 4
-19 15 -3 -6 -11 1 5 -12 -15 4 13 19 20 -6 6 -5 16 -11 7 -1 18 1 8 14 -12 -7 -12 17 14 -8 -12 -1 13
-12 7 -11 16 -10 0 -16 15 14 -13 -9 0 -11 -19 0 6 6 -1 8 20 -3 -11 -8 -14 -12 -9 -19 19 19 -3 18 16
19 -6 18 -6 -6 -19 2 -15 10 -12 12 18 10 3 -9 4 11 10 -12 -10 -8 -6 -18 6 -20 -3 6 -6 -8 -7 -16
-9 8 19 11 0 9 -5 7 5 -18 18 4 0 5 19 16 18 14 13 -18 13 -14 8 9 -18 -5 13 14 5 -18
15 4 13 20 -17 -8 -2 8 5 -1 -2 9 -10 7 -2 19 -17 13 -11 9 8 -15 12 -13 -9 17 14 -12 5
6 0 8 -19 -9 9 17 -8 9 -15 -4 0 -10 -13 -15 -13 8 20 3 -15 13 4 12 19 -10 4 15 4
-18 -10 1 16 -11 -10 -11 -9 -17 6 -1 -1 8 -2 20 -9 -13 -12 -8 -20 19 -4 -20 9 11 11 14
-20 18 11 -5 -7 17 10 9 6 8 -15 18 18 -20 -5 15 -3 19 20 15 -7 -17 -9 -11 -17 2
-18 -11 -18 16 18 -1 1 -15 -17 -14 6 -9 -10 -2 19 18 16 15 -9 9 17 3 -18 -15 -1
0 3 4 -16 7 15 -16 -2 10 -12 -13 -3 1 13 6 13 -7 -7 19 -17 -14 16 20 13
-15 10 18 -2 7 18 0 -4 13 16 19 2 -12 19 16 11 13 20 11 11 -9 19 -6
-2 -8 -20 -13 -19 9 20 -13 -7 19 6 6 -18 1 2 15 20 -7 -20 20 -8 -2
-4 -16 -1 -1 12 15 0 -20 -13 1 1 5 16 19 -19 -9 -8 1 1 10 10
-18 -12 10 -11 20 9 14 1 9 6 -17 13 -1 16 0 15 14 -19 -7 16
1 2 -16 -11 -3 -19 1 4 20 14 -10 16 18 4 -9 18 -13 -1 0
-18 -3 6 -15 11 -5 3 8 -1 -7 13 -1 -9 -13 3 -18 -8 -15
8 12 -19 10 12 -11 -8 1 10 13 -1 0 -11 -14 13 -12 -7
-18 9 4 13 -13 -20 -1 -18 18 -15 1 9 -18 -14 13 -1
-19 16 -1 20 -7 0 -8 -8 -2 -3 14 0 8 -13 -3
-11 -10 -3 -13 -20 19 15 12 -14 -7 14 2 15 0
-3 -11 -2 16 -5 -10 -16 -1 19 1 14 8 -17
-12 -19 10 -17 -14 4 -17 -15 7 5 -9 18
17 20 8 19 2 -1 1 -8 14 -15 9
16 -12 -15 9 -14 9 -1 9 10 -6
-6 -11 19 -4 3 5 -9 1 0
9 11 -19 -16 10 -13 2 10
9 -10 -2 2 18 16 -12
12 -14 5 -14 0 15
-16 -1 14 9 5
17 6 -5 19
-5 15 -10
10 4
-16
