100
3 5 0 2 3 1 4 2 0 6 4 2 3 2 4 1 5 4 5 4 0 4 5 5 3 0 3 2 2 0 2 1 5 4 1 3 2 3 3 2 3 3 2 4 3 2 1 2 4 2 2 4 3 1 3 7 1 6 4 2 7 2 2 2 1 1 2 3 4 2 3 2 4 7 4 2 6 3 3 3 2 5 5 2 11 3 5 2 4 4 2 4 2 5 5 2 3 1 5 3
12 21 38
18 59 74 84 85

22 56
41 64 88
76
48 55 68 69
10 100

4 30 46 58 96 99
43 44 57 64
45 89
6 76 78
8 86
5 22 42 95
92
19 29 57 58 93
11 29 32 33
12 31 43 64 73
13 28 61 65

51 55 67 69
3 7 26 60 62
35 37 63 83 95
27 82 88

1 15 67
11 26
37 87

3 66
45
58 59 88 95 98
53 62 68 73
78
58 59 97
22 74
13 19 51
16 53 70
7 47
24 75 83
6 9 98
50 78
2 48 64 82
17 68 87
22 51
28
20 42
9 25 72 100
36 73
24 79
7 19 25 70
40 65 85
28
36 37 97
2 17 23 25 32 74 77
66
13 14 36 61 74 87
34 35 49 97
44 96
26 45 49 50 54 70 73
41 42
57 63
38 65
39
19
44 82
43 75 86
13 48 71 76
40 47
20 36 83
6 27
2 16 41 53
4 14 38 40 50 55 67
18 42 47 79
1 5
5 8 9 52 90 91
34 60 93
14 45 77
35 56 89
24 54
12 47 67 76 91
10 30 33 68 94
77 79
3 10 26 32 46 55 61 66 90 94 96
29 46 98
16 75 80 81 84
15 72
1 3 52 83
23 34 62 95
21 92
4 17 24 39
31 87
38 43 50 53 81
4 46 56 59 61
71 80
12 65 71
94
9 80 82 97 98
48 99 100
4 1 -17 -4 -4 -9 8 -16 11 -8 19 5 -9 11 -14 -11 14 7 -7 19 -14 8 -4 -14 -18 -16 -16 16 -4 8 -19 11 -11 20 -20 -18 4 -3 -11 1 5 16 -20 12 11 10 7 5 -16 14 -6 -20 4 10 -13 16 14 2 1 -1 5 -17 20 -15 3 14 1 -15 9 -2 -8 -9 15 -18 4 -8 -1 4 -14 20 2 11 -15 20 8 -8 -12 -18 -8 -19 17 -5 11 4 -16 14 -1 11 14 8
-19 -18 1 -17 1 -18 5 -13 -7 13 9 14 -11 17 -6 -16 -18 -11 11 -19 10 19 -18 -5 -12 -20 -9 20 -17 -1 -14 9 19 -10 17 -16 -14 -13 11 18 19 -6 -16 -8 7 1 5 0 -13 16 14 -12 0 -7 -18 17 -9 1 -16 -13 -3 -11 6 -10 3 15 -10 8 -5 17 -18 -12 -14 20 19 4 -10 -19 11 -15 -20 -20 -9 -15 17 -2 6 10 -12 -7 -11 20 -3 13 8 6 -5 -9 19
-18 18 -9 11 19 -15 20 -1 2 6 -20 15 -5 -8 -13 13 -14 19 3 14 12 -6 9 20 -7 -3 -17 -8 -13 -11 10 11 -9 -10 -18 -17 3 -2 -7 7 -4 1 19 9 -18 -14 -17 14 -9 -10 -19 11 12 -13 -16 -5 8 17 17 0 6 -8 0 -6 -13 0 -6 -14 -5 6 -8 4 -6 -16 10 17 11 -17 7 -11 -7 19 9 -9 4 3 -12 9 -8 20 2 -3 -8 1 -12 -18 16 -17
-3 -12 -13 9 9 6 -10 1 -6 -2 18 -10 20 19 -10 16 15 -6 -15 6 13 11 -7 17 10 9 -3 -20 7 -5 -5 0 7 17 -6 17 -11 16 -20 6 -18 -18 10 12 -18 7 13 5 10 -14 8 11 -5 -15 15 -20 6 -7 -12 2 -2 -5 -15 -19 10 -1 -10 9 16 17 -19 9 9 -12 5 -9 3 20 9 20 -20 20 -16 4 1 13 -18 -2 7 -3 19 14 16 -7 -15 19 1
-17 12 3 -17 -13 4 3 9 19 -18 3 3 -9 15 -16 15 -7 -12 1 -5 14 -13 10 17 -7 -6 0 2 -3 12 7 -3 -17 -16 3 2 8 11 12 13 -13 10 14 14 -2 8 19 3 -16 -8 9 -15 -15 5 -9 -2 -16 -14 -10 -3 -13 -11 11 -11 -7 13 20 -19 -2 6 14 -12 10 2 6 8 -19 -2 -8 -16 -19 -6 13 1 6 17 1 0 11 17 13 15 8 9 -1 16
-12 -1 -10 -4 -6 10 3 -2 -17 -11 2 -2 9 -10 19 -10 14 -2 -9 -9 -11 -10 -5 -13 -18 0 16 -12 8 -4 3 -9 -7 15 -18 0 2 -11 3 8 14 -10 14 -1 -13 -19 5 11 -11 9 0 -11 -20 14 12 1 -2 10 -2 16 -11 16 8 1 -13 10 -18 -12 15 -13 -1 -19 5 19 -6 8 2 -15 0 -17 18 -8 17 13 -6 -3 -8 -19 -15 14 8 -15 12 5 -8
11 0 18 18 12 -17 3 5 -11 7 3 4 3 -20 -2 2 2 -1 8 15 -15 -7 8 6 8 -2 -10 7 6 -12 17 18 -15 -11 -7 -1 10 13 1 -16 17 4 -15 -20 6 20 -3 6 -9 15 9 16 -12 -8 -9 4 -2 15 11 -18 -1 17 -1 11 15 9 -6 -19 -20 -11 -4 -1 20 20 10 -13 -2 6 -9 11 -5 -19 -13 -3 11 -16 18 3 17 10 16 7 -4 20
10 -13 3 12 16 -19 -4 -10 17 -17 -11 0 9 -12 2 -10 -17 -3 3 6 20 2 -17 -2 -2 13 20 -16 12 -8 20 -9 -14 18 -10 14 0 0 -1 -3 3 -14 14 17 2 -11 -20 -12 13 -2 3 11 6 1 -10 -14 -7 -11 12 -6 -8 15 19 13 14 15 -13 6 9 -16 -13 -12 -19 10 2 -1 3 -12 8 18 13 1 -9 -1 -19 -13 -6 -12 -11 -6 -1 -12 -7
-12 -15 7 -13 -16 -19 10 7 -18 -8 -14 -18 12 17 -17 10 -13 -4 -18 -16 -1 -20 -14 -13 18 -7 17 -8 -9 2 -19 -15 -11 -3 17 2 2 -10 12 19 -5 12 16 -16 -14 17 -20 13 -7 -8 -2 -10 14 -20 -14 -7 12 10 3 17 -9 8 -14 -9 2 4 7 -7 12 -6 6 -13 0 -13 9 -13 13 -12 11 3 -2 15 -18 -15 0 11 -13 4 -2 9 18 -1
8 -6 15 6 -2 7 -8 -16 10 3 -9 -20 11 -14 5 8 13 -15 -13 -11 5 5 17 -14 -10 -16 3 -8 1 -8 18 5 -13 -6 7 11 -3 17 17 -3 5 2 10 18 5 11 12 -3 -11 9 -14 -13 -4 11 11 -6 20 -12 -19 -14 -17 -16 11 -19 -9 4 18 0 -11 -1 19 19 -14 -16 13 11 9 -8 -2 11 11 12 -4 14 1 14 14 -19 -18 7 -13
4 8 0 4 8 9 -18 -18 -9 15 -1 -10 11 7 -12 -1 4 11 -13 16 11 15 14 16 10 10 15 -10 12 -17 5 -4 11 17 4 19 2 -2 0 -17 -19 17 -18 -12 3 2 17 -19 20 1 4 -14 7 2 2 6 2 -17 -5 -5 -5 -1 17 -15 -16 -1 -13 1 -10 -19 14 0 -18 9 7 16 12 6 -3 -19 10 17 -19 0 4 16 4 0 16 -14
11 -14 -7 1 11 12 1 -10 19 -1 3 7 -8 11 20 -16 14 -7 -2 -4 -17 -1 16 5 -6 19 -15 17 -14 17 1 -3 -16 16 13 10 7 -7 2 -16 -1 12 -1 7 14 0 -8 6 5 -4 19 12 9 15 -9 -19 20 13 -9 16 11 -7 9 -3 20 14 19 7 16 20 -17 13 -8 3 9 -11 -5 -11 -1 7 6 0 -16 20 -7 6 -3 -2 -10
-4 18 -5 5 -5 -13 -11 -8 -19 -5 -1 9 11 15 7 7 -18 -8 -10 -3 -12 -19 -4 -3 15 -9 -18 11 -19 -17 -15 0 18 -1 -16 6 3 -15 5 -12 -5 -13 16 12 -13 13 17 13 -4 11 -15 -5 18 -13 0 1 17 4 -5 7 -7 -11 -14 -9 -7 -3 8 6 -4 17 -17 11 14 3 -13 0 14 7 10 -5 -3 -11 3 10 3 -1 -19 18
-18 -17 -5 -4 15 4 -1 20 3 -13 14 -5 8 4 -20 5 -4 -1 -15 -5 -1 -7 -10 8 20 0 6 -18 -3 -15 11 10 6 1 7 -14 -10 -4 12 -16 2 6 18 15 0 9 -19 -17 -9 20 8 -12 -20 5 -8 20 -1 0 16 -15 -13 -10 -5 13 -12 18 6 0 8 10 -12 -4 -9 17 0 -2 -8 -15 6 3 -9 5 4 16 -6 -19 -19
15 19 20 -6 -15 9 -8 -4 -10 -17 5 19 7 18 -4 -11 -15 3 -10 16 -13 -20 13 7 9 11 -13 -6 -7 -8 -3 -2 11 4 -12 7 -7 18 -7 -2 -8 6 -9 6 -11 -19 -2 -4 -5 19 8 -5 3 17 9 -15 -20 10 -12 0 5 -7 4 7 18 -4 -16 -14 15 -17 -17 1 -5 10 2 18 18 -18 -20 -4 12 19 4 -1 5 3
-12 15 -18 17 -9 -4 -10 12 11 1 9 -12 -15 0 13 7 -11 -4 -13 0 -18 -12 11 -3 3 7 -2 -4 19 -4 13 0 7 -10 0 11 -11 15 20 8 -17 -8 -11 -17 -6 -9 -18 10 -4 -10 9 7 -13 11 -18 8 2 15 11 9 11 -13 -11 -13 2 -15 -7 -2 -9 -10 12 -3 16 17 -7 17 -20 13 16 -9 6 -16 -5 11 -14
1 -19 -2 -13 5 3 17 -14 0 -11 -19 -15 9 10 9 20 -3 18 -20 1 -18 19 8 0 16 -12 -7 -17 -2 0 -17 -16 15 18 4 -15 5 -4 -9 -5 5 -15 -19 -7 -10 4 5 -2 -11 -13 -1 11 7 -1 18 -12 2 -14 3 12 -8 11 8 4 10 -3 16 18 7 -15 7 3 19 -9 7 20 7 -15 -18 12 1 9 -6 -11
11 13 20 13 -15 -2 9 7 -15 10 -1 -11 -12 -1 -5 13 7 -2 16 -17 15 -16 -18 12 -14 12 7 6 -14 9 16 -4 2 -4 17 -15 12 -19 -13 9 -9 -9 5 -18 -15 6 -1 0 17 9 8 19 -4 1 -9 -7 -9 -15 18 -4 -14 7 14 -19 -20 5 -13 -20 -10 10 9 5 18 11 -1 19 19 3 5 -1 -15 -12 -12
-20 -8 -13 -19 -8 -19 -7 10 -11 -5 7 20 14 -8 -15 -1 9 -11 10 7 -19 -13 -10 -11 8 11 10 -19 8 17 -5 -8 -2 16 5 -17 1 -20 -14 20 7 6 11 17 18 15 -2 -18 11 5 11 12 17 19 11 -6 -17 13 -19 7 16 0 15 -16 -3 6 10 -13 11 19 2 8 7 -19 -10 -2 -8 10 2 8 -6 12
-6 17 1 18 9 -12 -2 4 6 3 10 -10 19 -7 -2 -15 10 -12 -9 -8 -10 18 11 -14 6 11 -1 -5 -7 15 -17 -19 2 -4 2 -10 -9 12 -18 -16 1 7 -13 19 -6 -13 15 -6 11 -4 1 2 -18 15 -3 -11 12 18 -14 -17 8 9 -13 -14 19 19 -14 15 -18 12 -14 -10 20 -13 -7 3 -10 -2 8 12 11
-14 -11 3 1 -12 -13 -8 8 6 -20 -5 10 1 -2 12 -10 -15 -3 3 6 3 20 -5 -11 13 6 -6 -12 7 6 6 9 13 3 -19 8 -11 -20 13 -16 -15 1 0 5 -10 7 -17 5 -18 -11 16 -17 20 13 -2 6 5 15 -1 0 2 -20 -3 13 19 -11 5 8 -7 14 19 19 8 2 5 -8 -1 -15 -18 14
1 4 -12 13 14 -2 -7 -15 12 15 -1 13 1 20 -10 -19 -19 14 17 -4 -5 -1 7 12 -13 -17 3 -4 20 12 2 -13 -17 -13 8 -1 16 -20 9 1 -5 17 16 20 14 18 -6 2 -1 -2 16 -12 4 13 -5 -14 0 13 17 -8 3 9 -14 -11 7 6 -15 -15 -17 7 -12 10 -7 8 -16 3 13 5 17
15 13 5 -4 17 11 20 7 8 11 6 -10 -11 12 -12 11 9 -12 12 13 -13 -7 9 10 -18 -10 15 3 -13 18 6 -13 -13 3 16 -2 -18 13 -11 -13 3 -1 3 -1 -2 11 -19 -11 -11 17 6 -17 -1 -2 -7 -9 11 -20 -13 15 2 -16 -18 6 10 16 -1 16 8 1 4 10 18 -12 -12 12 20 9
8 8 -11 0 -15 19 19 6 4 -6 5 1 14 -18 8 -3 -15 -10 -19 16 20 -1 15 -13 15 -15 -8 19 14 16 -17 16 13 -8 10 12 -19 -13 14 -9 -19 -3 -7 -5 17 8 -15 14 18 0 5 17 -18 11 -19 1 7 -9 6 -19 13 0 4 -4 -15 -13 -14 14 -10 -2 -11 -9 -4 -15 -11 -1 6
-10 -17 19 0 -9 -19 -17 -1 4 -14 0 -11 6 0 -4 4 -13 -17 -8 -5 18 17 -5 11 12 12 4 -13 -3 -17 0 9 15 6 -16 10 -19 6 20 -6 -19 -3 15 17 -14 -5 15 -12 -1 16 6 8 -15 20 12 -7 -11 3 14 -10 -5 14 7 15 8 -18 -20 9 19 -2 -10 -20 -17 10 -3 18
-4 4 2 20 -7 17 12 -2 -18 -10 14 16 -16 -1 -15 5 -13 -12 15 -3 7 -7 19 12 0 1 20 -4 8 -3 -5 0 1 -7 9 18 1 -19 -12 -20 18 10 -20 -20 -9 6 15 11 5 14 -15 -16 14 -19 8 -13 2 4 18 2 4 -9 -20 -13 9 3 -8 8 -20 -6 -19 -3 2 -8 -15
19 20 -1 -6 -6 11 3 -18 -3 11 18 -7 -20 -8 20 5 -13 -3 16 12 11 -10 15 -8 16 18 16 -9 -16 17 -12 -16 -12 -4 16 -6 13 -3 -8 -19 14 19 -4 15 9 -20 7 -17 0 7 6 -3 -13 13 9 11 3 13 -18 -6 -17 -3 6 14 8 0 -20 5 -8 1 -15 16 -19 -6
7 -16 -5 -8 -10 1 -1 -16 20 20 -14 -19 10 7 -19 17 20 1 -4 -5 -14 10 -5 1 -17 1 13 -5 -16 18 19 8 -14 20 8 17 -13 -15 -17 -18 4 0 -16 -12 -17 8 -17 -1 19 20 7 -16 -14 -17 15 -17 -2 4 5 -14 19 6 -6 18 19 -20 9 4 9 7 19 19 -14
1 -19 9 13 1 17 -8 -14 -14 -20 18 -16 17 -8 16 -12 20 12 -4 2 6 10 19 8 -9 -5 -12 -18 -17 -12 -1 17 7 12 2 -1 17 14 -11 -11 10 -1 18 1 -2 3 -20 13 17 -11 -17 -5 12 15 -17 7 2 -8 -8 20 -8 -16 1 -8 10 9 18 1 17 16 1 19
-1 6 1 -10 -14 9 -18 11 -6 -20 20 -6 -6 9 19 -7 -5 10 1 4 -7 5 -9 -20 3 -20 -16 2 -19 15 -13 -11 -2 8 -8 20 17 3 -18 -19 -8 -8 -2 -9 -6 -4 -9 1 15 -5 -9 -8 -19 -9 -4 -14 -19 -12 4 -13 1 -7 -1 9 -5 3 3 -10 13 19 7
-16 -13 -11 -12 -8 -8 14 4 3 0 18 7 20 -5 -18 19 17 -8 14 -2 -11 0 -5 -17 20 -3 -12 12 17 11 -7 -15 10 19 -16 -10 12 4 12 3 11 13 9 -9 0 3 13 10 11 10 -3 17 5 20 17 -18 -7 -6 -8 8 -5 5 -7 -1 7 4 16 -10 3 -4
15 -15 -12 -15 -2 8 13 2 -6 17 -18 9 12 19 1 7 8 9 7 6 3 11 0 -3 4 -19 -9 8 -6 -4 -16 2 -15 -2 12 12 14 -15 -3 -6 -14 -13 -16 3 -18 14 -8 1 -8 1 -4 -1 -3 -8 18 -12 14 -4 -20 -1 -2 2 5 5 17 -20 10 12 -11
5 -6 -6 -7 10 -6 13 17 15 9 9 1 -15 0 -8 7 6 -7 8 8 15 -19 3 -12 16 -12 -1 -20 11 2 1 -6 6 7 5 14 -1 0 17 -19 16 -18 -12 -11 1 16 20 18 18 16 5 4 -7 5 -16 14 4 -8 10 -14 1 16 8 20 -1 -15 -10 -14
15 -9 -18 18 11 -19 -9 -8 -16 4 -2 -7 -6 -2 13 -16 9 -17 3 13 -20 -10 0 6 5 -10 -13 -12 14 6 10 -16 4 -7 -12 -7 -1 7 10 -10 18 16 -1 17 -8 12 9 -3 -8 -20 -11 8 -16 5 18 -5 13 1 16 11 9 9 16 -18 -15 -2 9
2 -1 5 19 -9 6 -5 -9 19 7 9 4 -9 16 -14 5 -18 -5 -10 -3 20 14 -2 -16 -7 11 6 15 -13 3 -16 -14 12 0 6 8 -10 -4 -7 12 -18 9 -19 -16 20 9 4 1 5 -8 5 -18 -20 -4 -13 -12 0 9 11 9 -16 -15 15 -5 8 -12
10 -3 -10 -10 -19 18 -14 -9 -2 -13 14 5 -10 -16 -20 -3 -11 8 2 -9 -7 -18 14 -7 8 -17 20 13 -14 4 -1 8 -17 18 -20 -17 4 -8 -5 3 -5 -8 -15 -19 6 -19 -20 1 -8 -16 -6 -14 -10 -10 -18 6 12 -14 0 0 15 20 -8 19 -7
14 5 7 -13 -6 -7 -14 2 0 -9 -20 5 0 -20 4 -7 9 -6 -16 -3 19 3 -18 -16 -7 6 -1 18 11 -14 14 16 -10 -4 -14 18 0 20 4 -12 1 -9 20 0 10 -16 1 -19 18 17 8 4 12 20 -6 12 17 -20 -6 -19 19 -13 -1 -5
7 -5 19 -15 -17 -12 3 11 -2 -8 -11 4 -7 -18 -5 18 8 1 -12 -3 0 -18 13 6 -2 -19 -6 1 1 -5 -7 14 -17 -5 -6 18 4 13 0 -9 8 20 -20 -16 11 -16 -8 -17 20 -11 -7 -12 -15 -9 17 15 -7 -5 12 -15 7 9 -1
-10 -8 -5 7 -9 18 -5 -1 -2 16 8 20 -8 -3 10 -15 3 5 4 -10 10 8 7 12 19 7 -11 10 -19 4 7 -15 -1 18 14 -11 15 -9 -4 4 9 -1 9 -2 4 15 18 10 -16 1 -12 10 -8 -11 -8 -20 -20 12 3 11 5 6
5 3 4 11 -1 17 -16 6 -18 -13 4 16 -10 -8 7 -4 2 12 11 20 3 -17 4 7 -5 -5 10 -18 3 20 -19 -11 -4 18 9 -11 -4 -5 18 17 -10 -20 -13 -15 4 5 17 -15 13 -8 7 -10 7 -4 -1 12 14 4 17 -1 6
-15 -14 20 16 2 -11 -3 -7 5 -1 -20 -10 11 -20 -14 -16 6 13 6 -2 7 -10 -9 3 -9 -12 -8 11 -9 12 -13 8 16 -7 -9 -8 -17 -9 -8 -4 6 8 20 19 -14 20 -10 -15 -2 -15 4 -13 -3 -16 1 -19 17 -5 10 11
-14 -20 -17 -3 -20 17 -18 -14 -7 13 -20 4 18 13 -3 11 10 1 18 7 1 3 1 0 -5 3 5 4 19 -17 2 1 -14 -20 9 5 -12 -19 18 -13 13 -3 -5 3 8 19 10 12 6 -8 -20 20 0 -19 20 3 -18 0 8
-6 18 11 5 19 -15 2 7 10 -14 4 -2 18 -8 -11 13 16 12 -18 -12 11 -15 -1 15 9 -10 8 -13 10 14 -5 -5 -7 -10 -15 -14 7 -19 -10 0 4 -3 -6 -4 10 -13 -12 14 20 11 -15 1 -6 16 18 -16 1 4
4 15 7 -6 -6 -4 -13 -2 -15 -13 -15 1 17 -8 -13 16 3 -12 0 4 16 -20 -1 -17 17 14 -8 4 7 0 3 -12 13 18 17 -6 -14 5 -20 14 9 0 -11 -2 -6 11 9 -11 18 -2 -11 -18 18 0 -1 12 -13
-3 16 10 20 -7 11 -2 4 -17 1 -11 -7 -6 -17 -9 11 5 -1 -10 -19 15 5 1 7 10 2 5 5 -16 13 -2 -2 -8 15 5 -14 -12 0 17 -17 -1 9 -10 16 -12 8 10 -2 -11 -7 -7 -8 -20 3 16 -14
-11 4 7 -10 -17 -14 2 10 -9 -17 -13 12 1 17 7 -11 20 5 -5 -18 -13 -5 5 11 -1 18 -9 4 -15 9 4 -3 20 8 3 -20 -13 -13 -15 -13 11 12 -6 -19 17 16 16 10 -3 -14 17 -9 4 10 7
-1 16 -12 -14 0 -16 14 -9 5 -19 5 15 14 13 11 -16 13 17 14 -13 -7 -13 -9 18 -9 -20 15 8 0 -13 -18 -12 16 -7 -10 -15 15 -4 -18 -15 -13 12 -1 3 14 -10 7 -20 -5 -1 -18 13 -2 14
8 -12 16 11 0 13 2 18 14 12 -7 -14 -18 -5 -18 -8 -11 -1 -7 -12 18 15 -7 17 2 -3 -12 19 7 -16 15 -4 -4 4 -10 5 9 -15 -4 7 -11 14 -7 -16 20 -3 20 -8 3 16 12 18 -10
6 -11 0 7 4 -19 18 -5 -16 -3 -13 14 -13 15 6 -16 1 20 -15 3 1 -3 -11 -6 -3 -20 -14 4 -6 4 -14 -13 -9 13 -1 17 11 -14 13 2 16 -2 15 -3 18 -14 -17 -10 0 4 -9 2
14 15 18 5 10 17 -12 -4 -20 12 -11 -12 -11 4 16 -3 -17 20 3 -5 18 6 9 -9 8 2 9 12 -2 -3 7 13 -6 -1 20 -15 -1 6 0 -15 20 -15 -16 -5 -15 -10 16 -17 -15 -2 15
11 -20 7 12 -12 10 11 12 14 -13 5 -20 19 -8 -20 7 14 2 -5 13 18 -18 18 8 -10 13 -6 -9 -16 3 -12 12 2 -17 7 11 4 -10 3 -13 1 -5 14 -13 -2 -1 10 -2 -4 -7
-20 20 16 5 -7 -1 12 -18 9 19 11 -17 2 -20 19 9 1 -1 2 -14 -20 2 -9 5 2 -20 -14 7 11 -8 -15 13 12 -11 6 -13 11 -20 -11 -4 -6 10 5 3 -1 3 7 -9 14
-3 -14 8 8 -10 -12 2 7 -20 2 -8 -13 -8 -2 -18 -12 5 6 1 -18 -10 -8 10 -3 -13 6 11 15 11 -12 0 5 12 4 -12 -13 -14 -19 -12 -11 2 12 -20 -5 -17 1 7 18
-20 7 10 -2 -2 11 -15 7 -5 19 -11 12 -9 -5 -3 -13 -4 -5 7 -8 10 -14 12 19 -9 -8 17 20 20 -11 -6 -13 -12 5 -18 -3 -8 -11 7 -19 19 -8 -15 -17 4 6 13
-1 20 -6 -6 1 7 10 -17 12 7 -17 -1 -13 -3 3 -3 2 6 -5 0 -17 -9 -18 -20 -17 0 -7 -2 10 -3 18 -14 7 -9 -4 11 3 1 -1 -13 -14 -20 15 -12 1 3
3 17 13 18 3 -5 -3 -7 17 4 -15 -14 -12 20 18 -13 -18 17 -8 -8 8 -14 -16 14 19 1 -1 10 -8 14 -11 -18 -12 -8 6 15 -4 15 2 3 8 20 -13 7 -16
10 6 13 12 -19 -10 18 -3 -12 -2 -18 16 -17 -8 5 11 14 12 -16 -10 8 12 4 15 4 5 18 -3 -7 -9 -20 -10 16 -7 17 -20 12 9 12 13 -4 -1 -6 -2
-3 15 -13 -10 -6 -18 14 -5 -2 -18 20 -11 -3 -12 -3 -17 -5 -7 14 -13 -20 2 20 18 3 0 -15 15 -4 -12 6 19 -2 0 -17 20 -20 2 -6 -3 -9 -4 -19
14 17 -14 4 -4 20 20 18 15 -7 8 -6 0 -3 -7 17 20 5 -11 8 -6 7 3 -11 10 -15 11 -9 9 -9 -9 -8 16 11 -9 -2 -19 -1 -10 -9 5 18
-8 -16 -11 -16 7 -5 9 5 -14 13 -12 -20 18 -14 4 4 -19 -13 -20 -18 -12 -5 -15 -3 -11 20 18 -20 -20 -14 14 1 -15 -8 -12 10 16 8 -10 -1 1
10 -11 -5 -17 14 -3 20 14 -13 -19 -18 -14 14 -2 -14 12 6 -11 -20 -6 -19 -6 7 4 -11 2 -2 -6 4 -13 11 -10 -13 -6 -14 -2 2 -16 19 1
-13 3 -15 -18 18 -11 -9 7 13 1 18 -9 7 -11 -1 19 -2 2 -14 -3 11 3 -4 -16 -20 -11 -11 0 -11 4 8 10 -16 -13 16 7 -3 -11 -15
0 -12 -9 4 2 0 11 7 10 6 18 20 1 -12 -5 4 6 15 11 14 14 11 14 14 -6 4 -15 17 6 13 16 -6 -15 -5 3 -20 -7 -19
3 15 10 -12 -13 -17 2 3 -12 -2 9 -11 15 6 -5 -7 -6 -17 -12 -13 -11 4 -19 7 3 -17 -14 17 -16 10 18 -10 -19 -11 3 -11 -15
-5 -16 -20 16 6 -11 -9 10 -12 13 -1 10 6 1 8 -20 -2 -13 -11 -17 -18 18 -9 12 -10 -20 5 7 9 15 -4 16 12 -1 -6 7
-10 -3 -15 13 4 -12 -7 5 19 -17 -6 5 -9 15 18 -16 9 10 0 5 4 -10 -17 3 7 -8 -3 -14 -14 -16 3 18 1 -19 -5
-2 -10 14 -14 -16 -7 18 -20 -1 -8 15 -8 20 -18 -5 -3 -15 16 16 -18 16 10 -18 -17 0 -15 -1 -20 2 -2 5 12 -8 0
5 2 -12 -14 1 6 12 -14 12 -11 -19 17 4 10 17 -18 -2 -10 -11 9 -15 20 -15 -6 -7 -11 -10 12 13 18 13 1 8
-12 1 -2 3 19 7 -18 4 -5 -7 19 18 -16 -11 16 20 11 -14 -20 -11 -1 15 -15 11 -14 9 0 -10 -2 -10 -16 -3
16 3 2 -15 -16 -9 9 -4 10 -4 8 -12 -13 16 11 -18 3 -2 5 6 19 -12 8 3 12 19 0 3 -15 6 12
8 -4 -18 19 -17 -5 15 -20 -11 -14 -2 4 -10 16 5 -16 -6 4 9 -15 2 9 9 14 9 -14 -15 -9 -14 5
7 -8 5 1 -16 0 1 18 11 -7 10 -13 -3 9 -18 14 -11 10 -11 20 -7 0 16 -18 18 4 -17 3 7
10 -7 -17 -7 -19 7 -3 -4 20 -9 -15 -11 -16 -3 5 -15 -1 8 6 13 -7 -4 -9 -17 -15 7 1 -1
-10 -8 2 6 10 10 14 -10 7 2 16 4 -20 15 18 -8 -16 17 19 -11 0 0 -20 -11 9 -11 11
0 -13 6 -4 13 -20 8 -12 20 8 20 17 -14 -18 -7 -8 6 14 -10 18 4 -7 2 -7 -8 16
-20 3 3 -19 -1 -1 12 -13 11 9 6 6 2 2 14 7 13 1 -13 -9 9 7 3 -9 15
18 -10 14 7 4 -2 7 20 -2 19 -14 -15 -14 -15 -19 19 6 -14 11 19 14 -14 20 8
12 17 -18 -2 6 -7 -6 9 15 4 -13 -8 10 -13 2 9 6 5 -20 3 -6 12 -2
-3 -4 -1 6 -5 -20 6 -18 -20 -19 -11 3 13 18 0 1 -10 16 7 -5 15 5
-8 19 5 -17 16 7 -12 20 4 -9 5 0 13 -10 7 -6 -14 -12 12 -13 20
16 5 20 -4 15 -10 0 -7 -15 -15 -19 7 -20 20 17 -11 -19 19 14 -15
16 4 -19 -12 9 20 20 2 -9 -5 -6 -1 -8 14 -5 4 -4 -17 -3
-15 -11 20 -19 20 17 -14 -13 9 18 -13 -14 -11 -2 -4 -9 -15 -16
11 3 -7 5 -14 11 -19 6 -16 11 20 -16 -7 6 4 0 20
8 -10 -9 -1 -20 -9 16 20 18 -18 -13 1 2 10 19 18
14 -20 -10 13 -4 -13 -8 18 -19 14 -19 13 12 -11 -7
3 -13 -7 -19 0 -12 -6 -15 -12 -3 -3 10 -8 -15
2 15 -2 9 11 7 12 5 -8 -4 -9 -8 -3
5 -14 17 17 -1 -10 -7 11 7 8 7 18
-3 0 19 -14 18 4 7 -8 16 2 3
20 -16 8 -10 -18 12 -4 17 6 -2
18 13 2 5 -19 -13 -9 0 7
-9 2 -5 -16 -7 3 3 -11
0 -13 -20 0 -20 1 -7
9 16 0 -6 15 -16
4 -2 18 -7 13
-7 -14 15 -3
18 -16 16
6 7
0
