25
10 7 7 6 8 8 8 11 7 8 13 5 10 11 10 8 7 10 8 10 7 13 9 13 10
2 4 5 7 10 14 15 20 21 23
3 6 7 14 16 18 25
4 12 14 16 19 20 24
3 5 6 8 15 16
1 9 10 15 19 20 23 24
2 3 5 10 12 16 17 23
3 4 7 9 13 15 20 25
1 2 3 4 13 14 15 16 18 19 22
4 5 7 18 19 22 25
4 8 9 10 12 13 22 23
2 4 5 6 8 9 11 12 17 19 20 23 25
1 6 7 17 18
3 4 5 9 10 15 21 22 23 25
1 2 6 7 9 11 17 20 21 22 24
3 11 14 16 17 18 20 23 24 25
3 12 14 15 18 21 22 23
5 6 7 12 16 17 18
1 4 5 7 9 10 16 17 19 22
7 10 11 15 19 20 21 22
1 6 8 10 11 14 15 17 20 22
5 11 15 16 18 23 24
5 6 8 9 10 12 13 15 17 18 21 22 25
3 11 16 17 18 19 20 21 23
2 4 6 7 8 9 10 11 13 17 18 21 23
2 7 10 12 13 16 17 18 19 20
1 4 -3 6 -4 -15 10 -19 14 -17 2 -6 -16 -18 -19 -5 -8 -19 19 -11 -5 -12 10 -13 16
-7 9 -4 3 -10 18 18 -13 -10 -1 -14 17 -19 -1 16 4 5 -8 -16 17 20 -5 -14 -1
18 -13 16 -18 2 14 7 3 -16 12 1 -20 6 11 -14 7 3 20 9 -11 7 -9 13
-3 19 14 10 9 7 17 -3 0 -5 -15 -3 8 -5 9 16 19 4 1 -19 11 0
-9 11 -7 2 -4 1 -3 18 -3 15 -20 13 -8 -15 -5 6 11 15 -5 10 11
8 -19 -15 -2 -6 5 -5 -1 17 3 10 15 13 2 7 15 1 2 9 -3
-1 -4 -6 -13 -8 0 -13 14 -9 -8 -7 10 -3 17 13 18 -2 -14 -8
-2 -6 3 -9 -1 -20 14 -12 -3 -18 -17 15 -2 -12 20 11 -14 -20
16 -2 10 10 8 1 -9 -17 -4 10 -13 -16 5 11 -16 16 20
-17 -11 -11 16 -1 -15 -5 -13 15 6 18 18 19 -6 13 4
8 8 -1 17 7 -1 16 19 -17 19 -14 -7 20 -7 -4
-15 -10 -5 -9 15 -16 -10 -20 6 8 18 10 -2 -18
-6 -2 -2 9 -16 -6 -4 20 17 -8 7 -13 14
-6 -11 -3 -11 -16 -17 -10 -1 18 16 -2 8
-13 9 -1 5 -3 12 14 11 8 -15 18
-18 7 0 18 -4 -19 -15 -6 16 17
-19 -3 16 -18 -9 10 13 8 -3
-9 17 7 20 11 -15 10 2
6 1 0 -14 -10 1 6
11 -2 5 15 -18 9
-15 0 -4 0 -13
5 12 -20 14
9 6 -17
-8 13
3
